 1    1   90     0    43   0.0031       2     4.88  433.27   3.7   4.7
 1    1   90   100  41.8   0.0031     2.1     4.86  427.45   3.7   4.7
 1    1   90   200  41.5    0.003     2.2     4.61  427.84   3.6   4.7
 1    1   90   300  41.4   0.0029     2.2     4.88  430.64   3.7   4.7
 1    1   90   400    41   0.0029     2.1     4.34  429.69   3.6   4.8
 1    1   90   500  40.5   0.0029     2.1      5.4  430.53   3.6   4.7
 1    1   90   600  39.4    0.003     2.3     5.38  427.87   3.5   4.8
 1    1   90   700  38.2   0.0033     2.3     6.01  427.62   3.5   4.8
 1    1   90   800  38.8   0.0031     8.7     5.06  417.54   3.5   4.8
 1    1   90   900  39.2   0.0032    51.9     3.22  412.34   3.5   4.9
 1    1   90  1000  40.4   0.0032   122.2     1.45  415.27   3.5   4.8
 1    1   90  1100  43.2    0.003   211.2     0.57  428.49   3.6   4.7
 1    1   90  1200  45.9   0.0025   228.3      2.1  431.49   3.7   4.6
 1    1   90  1300  47.4   0.0022     229     5.02  434.72   3.7   4.5
 1    1   90  1400  47.9   0.0022   221.7      3.2   434.4   3.8   4.4
 1    1   90  1500  48.6   0.0022   238.6     3.15  438.99   3.8   4.1
 1    1   90  1600  48.9   0.0019     107     3.41  446.03   3.8   4.6
 1    1   90  1700  48.8   0.0019    43.8     3.91  444.18   3.8   3.9
 1    1   90  1800  47.6   0.0021     6.2     6.17  446.38   3.7   4.1
 1    1   90  1900  46.7   0.0022     1.6     3.79  441.17   3.7   4.5
 1    1   90  2000  46.1   0.0023     1.7     4.42  439.77   3.6   4.7
 1    1   90  2100  44.6   0.0029     1.8     4.03  445.99   3.6   4.4
 1    1   90  2200  43.5   0.0033     2.1     4.73  448.89   3.7   4.7
 1    1   90  2300  43.2   0.0036     2.1     4.71  438.24   3.6   4.7
 1    2   90     0  43.5   0.0038     2.1        5  437.42   3.6   4.5
 1    2   90   100  43.4   0.0041       2     3.73  433.23   3.7   4.5
 1    2   90   200  43.3   0.0047       2     4.27  430.59   3.5   4.4
 1    2   90   300  42.8   0.0049     2.1     3.22  426.17   3.7   4.6
 1    2   90   400  42.3    0.005     2.2     3.98  423.69   3.7   4.6
 1    2   90   500  42.7   0.0048     2.1     3.94  423.52   3.7   4.7
 1    2   90   600  42.8   0.0047     2.1     4.41  436.72   3.7   4.5
 1    2   90   700  43.7   0.0044     2.1     5.06  493.07   3.6   4.6
 1    2   90   800    44   0.0043     3.7     4.46  526.52   3.7   4.5
 1    2   90   900  44.6   0.0041      25     4.99  623.92   3.9   4.5
 1    2   90  1000    46   0.0042    60.9     5.67  701.05   3.9   4.2
 1    2   90  1100    48   0.0043    97.5     5.72   729.9     4   4.4
 1    2   90  1200  49.4   0.0042   139.2     6.59  749.29   4.1   4.2
 1    2   90  1300  49.4   0.0038     137     6.25  741.11   4.1   4.3
 1    2   90  1400  50.3   0.0034     180     5.79  749.17   4.1     4
 1    2   90  1500  51.1   0.0034    81.4     5.89  754.14   4.2   3.9
 1    2   90  1600  50.9   0.0035    53.6     5.57  742.06   4.2   4.3
 1    2   90  1700  50.7   0.0038    32.1     5.74  723.84   4.4   3.8
 1    2   90  1800  50.8    0.004     4.7     4.55  619.44   4.2   3.7
 1    2   90  1900  50.6   0.0043     1.4     4.05  571.08   4.3   4.5
 1    2   90  2000  50.2   0.0047     1.4     5.16  555.13     4     4
 1    2   90  2100  49.6   0.0051     1.6     4.57  551.89   3.9   4.3
 1    2   90  2200  50.3   0.0056     1.4     3.46   545.8   3.9   4.1
 1    2   90  2300  49.8   0.0058     1.5     5.16  541.02     4   4.1
 1    3   90     0  51.3   0.0069     1.4      6.2  536.18   4.1   3.8
 1    3   90   100  52.1   0.0078     1.4     8.21  536.32   4.2   4.4
 1    3   90   200    53 0.005263     1.4     7.95  532.67   4.1   3.8
 1    3   90   300    54 0.005418     1.2     8.35  531.36   4.1     4
 1    3   90   400  54.5 0.005849     1.1     9.25  533.26   4.2   3.7
 1    3   90   500  54.9 0.005756     1.1    11.38  531.11   4.2   3.7
 1    3   90   600  55.6 0.006045     1.1     9.66  535.65   4.4   3.9
 1    3   90   700  56.5 0.007006       1     8.16   553.8   4.3   3.3
 1    3   90   800  56.9 0.006201     1.6     7.27  581.17   4.1   3.8
 1    3   90   900  56.5 0.006363    13.6     7.23  657.32   4.3   3.5
 1    3   90  1000  56.5 0.005682    45.3     8.47  716.97   4.3   3.8
 1    3   90  1100  57.2 0.006357    57.2     7.43  764.62   4.5   3.2
 1    3   90  1200  58.4 0.005847    79.9     3.93   769.1   4.5   3.2
 1    3   90  1300  60.2 0.006612    74.6     6.38   751.2   4.4     3
 1    3   90  1400  61.6 0.006666    73.1     6.71  774.84   4.6     3
 1    3   90  1500  62.8 0.007174    62.4     5.19  773.22   4.8   2.8
 1    3   90  1600  64.3 0.007258    59.2     3.94  753.67   4.8   2.7
 1    3   90  1700  66.5 0.007464    53.8     4.97  723.39   4.7   2.7
 1    3   90  1800  67.7 0.008981     9.7     8.53  616.45   4.4   2.6
 1    3   90  1900  67.3 0.009054       0      9.1  570.54   4.4   2.6
 1    3   90  2000    67 0.008448     0.1     7.37  560.27   4.4   2.6
 1    3   90  2100  66.7  0.00735       0     5.26  561.72   4.5   2.7
 1    3   90  2200  66.8 0.006566     0.1     4.57  562.22   4.5   2.7
 1    3   90  2300  66.7 0.006294       0     4.31  552.67   4.5   2.6
 1    4   90     0  62.8   0.0108     0.3     7.32  531.65   4.8   3.2
 1    4   90   100  60.7   0.0088     0.6     1.63  525.57   4.6   2.9
 1    4   90   200  59.5   0.0093     0.6     3.83  528.97   4.4   3.7
 1    4   90   300  59.9   0.0059     0.6     5.98  522.62   4.6   3.4
 1    4   90   400    59   0.0044     0.7     3.69  522.39   4.5   3.3
 1    4   90   500  58.3   0.0038     0.9      5.8  526.43   4.4   3.9
 1    4   90   600  57.3   0.0031     0.9     7.02  531.97   4.3   3.6
 1    4   90   700  55.6   0.0031       1     7.08  535.19   4.5   3.9
 1    4   90   800  53.4   0.0031     9.7    11.82  555.71   4.5   4.3
 1    4   90   900  51.2   0.0036      56     8.64  645.49     5   3.8
 1    4   90  1000  49.9   0.0035   209.3    12.66  714.84   4.9   4.2
 1    4   90  1100  49.8   0.0036   299.1     11.4  759.99   4.9   3.9
 1    4   90  1200    49   0.0037   261.5     9.76  763.89     5   4.1
 1    4   90  1300  49.4   0.0036   365.9     8.81  755.98   4.9   3.7
 1    4   90  1400  50.1   0.0034   266.9     8.34     770   4.9   3.7
 1    4   90  1500    52   0.0035   344.5     8.27  763.05     5   3.5
 1    4   90  1600  51.4   0.0035     178     8.57  749.68   4.9   3.9
 1    4   90  1700  49.5   0.0035    61.1     7.83  726.88   4.9   4.4
 1    4   90  1800  48.5   0.0037     8.4     7.27  621.05   4.8   3.6
 1    4   90  1900  47.9   0.0039     1.5     6.27  557.83   4.6   3.7
 1    4   90  2000  47.9   0.0038     1.5     6.99  549.45   4.5   4.6
 1    4   90  2100  47.6   0.0038     1.5     7.25  547.12   4.6   4.2
 1    4   90  2200  47.3   0.0039     1.5     5.73  537.67   4.5   4.2
 1    4   90  2300    47    0.004     1.5      5.1   534.7   4.4   4.3
 1    5   90     0  46.8   0.0041     1.6     4.97     529   4.4   4.2
 1    5   90   100  46.4    0.004     1.6      5.8  529.17   4.4   3.8
 1    5   90   200  46.3    0.004     1.6     5.88  533.49   4.3   4.8
 1    5   90   300  46.2    0.004     1.6     6.39  541.04   4.4   4.5
 1    5   90   400  46.1    0.004     1.6     6.48  539.54   4.3   4.3
 1    5   90   500  46.3    0.004     1.6     5.78  535.91   4.3   4.4
 1    5   90   600  46.2   0.0041     1.7     4.89  536.24   4.3   4.4
 1    5   90   700  46.1   0.0043     1.6     4.74  544.24   4.4   4.4
 1    5   90   800  46.2   0.0045     2.9     4.06   568.1   4.3   4.4
 1    5   90   900  44.7   0.0051    36.3     3.61  637.46   4.2     4
 1    5   90  1000  45.6   0.0055      45      4.1  687.14   3.5   3.6
 1    5   90  1100    44   0.0057    62.1     9.93  727.95   2.1   3.6
 1    5   90  1200  45.2    0.006    74.8     8.82  753.81   3.4   3.9
 1    5   90  1300  45.6   0.0057    64.8     7.44  755.39   4.4   3.3
 1    5   90  1400  45.6   0.0062    55.8     3.29  769.48   4.4   3.8
 1    5   90  1500  45.4 0.003426    33.1     2.92  766.21   4.6   3.9
 1    5   90  1600  45.3  0.00366    25.5     4.95  748.96   4.5   3.8
 1    5   90  1700  45.3 0.003399    16.7     4.44  713.78   4.5     4
 1    5   90  1800  45.3 0.003568     3.9     5.84  618.74   4.5   4.2
 1    5   90  1900  44.9 0.003202     1.6     4.67   556.5   4.4   4.4
 1    5   90  2000  45.1 0.003311     1.6     5.13  537.68   4.3   4.1
 1    5   90  2100  45.3 0.002985     1.6     3.53  537.36   4.3     4
 1    5   90  2200  45.4 0.002887     1.6     5.03  537.03   4.3   4.2
 1    5   90  2300  45.2 0.002645     1.6        5  527.77   4.3   4.3
 1    6   90     0  44.7 0.003555     1.5     6.05  515.61   4.2   4.8
 1    6   90   100  44.6  0.00378     1.6     5.08  497.72   4.3   4.2
 1    6   90   200  44.4 0.003766     1.6     4.64  487.17   4.2   4.5
 1    6   90   300  44.2 0.003985     1.7     5.49  480.96   4.2   4.4
 1    6   90   400  43.9 0.003983     1.7     5.09   475.9   4.1   4.4
 1    6   90   500  43.8 0.004132     1.7     5.58  472.72   4.2   4.4
 1    6   90   600  43.6 0.004059     1.7     6.33  469.72   4.1   4.7
 1    6   90   700  43.8 0.004179     1.7     5.16   468.4     4   4.2
 1    6   90   800  43.7 0.004073     2.8     4.53  460.32   4.1   4.4
 1    6   90   900  43.8 0.004026    15.3     4.22  453.25   4.1   4.4
 1    6   90  1000  43.9 0.003945    52.1     4.46  473.95   4.1   4.4
 1    6   90  1100  44.1 0.003708    84.6     5.38  485.59     4   4.7
 1    6   90  1200  44.7 0.003866    70.9     5.31  510.68   4.1   4.4
 1    6   90  1300  44.9 0.003767    80.4     5.03  518.19   4.2   4.4
 1    6   90  1400  44.9  0.00363    58.7     4.83  514.62   4.2   4.5
 1    6   90  1500  44.9 0.003628    75.8     6.04  509.67   4.1   4.4
 1    6   90  1600  45.1 0.003453    66.8     7.12  514.19   4.2   4.8
 1    6   90  1700  44.9 0.003342    20.6     6.64  509.59   4.2   4.9
 1    6   90  1800    44 0.003244     4.5      7.1  520.16     4   4.7
 1    6   90  1900  43.7 0.003134     1.7     5.97  524.44   4.2   4.6
 1    6   90  2000  43.5 0.002982     1.7     5.86  518.91   4.1   4.5
 1    6   90  2100  43.2 0.002721     1.7     5.54  516.91   4.2   4.7
 1    6   90  2200    43 0.002539     1.7     5.34  511.92   4.1   4.6
 1    6   90  2300    43 0.002639     1.7     6.45  510.42   4.2   4.5
 1    7   90     0  43.2 0.003287     1.7     4.71  506.92   4.1   4.3
 1    7   90   100  42.9 0.003386     1.7     4.52  491.04   4.1   4.6
 1    7   90   200    43 0.003186     1.7     2.12  478.72   4.2   4.8
 1    7   90   300  43.2 0.003391     1.7     3.67  464.03   4.1   5.3
 1    7   90   400  42.9 0.003649     1.7      3.5   460.2   4.2   4.7
 1    7   90   500  42.7 0.003786     1.7     4.87  457.49   4.1   4.8
 1    7   90   600  42.8 0.003653     1.7     4.63  457.17   4.1   5.2
 1    7   90   700  42.8 0.003808     1.7     4.56  456.24   4.2   4.9
 1    7   90   800  42.7 0.003796     6.5     3.69  444.01     4   4.5
 1    7   90   900  42.4 0.003662    71.4     3.62  437.43   4.1   4.6
 1    7   90  1000  44.2   0.0055   229.3     3.55  442.73   4.2     4
 1    7   90  1100  48.8   0.0045   470.9     5.93  458.84   4.2   4.1
 1    7   90  1200  52.1   0.0035   584.1     5.72  478.11   4.1     4
 1    7   90  1300  53.4   0.0028   635.4     9.21  493.98   4.2     4
 1    7   90  1400  54.4   0.0027     609    10.78  492.39   4.4     4
 1    7   90  1500  55.3   0.0026     529     8.26   503.3   4.4     4
 1    7   90  1600    56   0.0024   378.1     8.15  502.59   4.4   4.3
 1    7   90  1700  56.1   0.0023   198.5     6.16  497.62   4.6   4.4
 1    7   90  1800  55.2   0.0024    32.8     3.61  488.19   4.5   4.5
 1    7   90  1900  53.9   0.0025     1.1     0.78  500.46   4.5   3.7
 1    7   90  2000  53.4   0.0026     1.5     0.78  502.75   4.3   4.2
 1    7   90  2100  52.6   0.0026     1.6     0.39  504.49   4.2   4.3
 1    7   90  2200  51.8   0.0027     1.6     3.35  501.63   4.2   4.6
 1    7   90  2300  50.7   0.0029     1.6     5.07  487.84   4.2   4.7
 1    8   90     0  49.5   0.0029     1.6     6.13  464.11   4.4   4.9
 1    8   90   100  47.9   0.0027     1.6     6.43  458.79   4.2     5
 1    8   90   200  46.6   0.0029     1.6     6.29  453.15   4.2   4.2
 1    8   90   300  44.9   0.0033     1.8     7.19  446.34   4.2   4.6
 1    8   90   400  45.1   0.0033     1.8     8.58  447.43   4.1   5.1
 1    8   90   500  44.9   0.0036     1.8     7.21  446.21   4.2   5.1
 1    8   90   600  42.8   0.0035     1.8     6.36  450.62   4.2     5
 1    8   90   700  42.5   0.0036       2     6.62  483.07   4.1     5
 1    8   90   800    41   0.0037    17.2     8.42   524.7   4.2   5.1
 1    8   90   900  41.7   0.0041   158.8     7.75  642.04   4.1   4.3
 1    8   90  1000  45.1   0.0038     343     8.76  695.82   4.2   3.6
 1    8   90  1100  50.6   0.0035     505      9.2  737.48   4.4   3.7
 1    8   90  1200  55.8   0.0031   615.8     7.22  751.98   4.6   3.6
 1    8   90  1300  59.3   0.0027   660.7     8.24  727.18   4.7   3.4
 1    8   90  1400  63.5   0.0023   638.8     8.28  747.71   4.4   3.3
 1    8   90  1500  65.3   0.0015   549.9     7.74  751.71   4.4   3.2
 1    8   90  1600  66.1   0.0012     403     7.95  752.72   4.4   3.2
 1    8   90  1700  65.8    0.002   215.4     9.31  724.02   4.7     3
 1    8   90  1800  63.9   0.0025    36.7     7.11  624.81   4.6   3.2
 1    8   90  1900  62.1   0.0029     0.4     6.51  573.06   4.3   3.3
 1    8   90  2000  59.6   0.0029     0.6     7.02  554.05   4.3   3.6
 1    8   90  2100  56.5   0.0038     0.7     7.25  561.23   4.5   3.6
 1    8   90  2200  53.9   0.0054     0.9    10.17  562.33   4.6   4.2
 1    8   90  2300  52.8   0.0053       1     9.11  556.86   4.7   4.2
 1    9   90     0  51.4    0.005       1     9.26  542.94   4.6   4.8
 1    9   90   100  50.4   0.0053     1.2     5.11  526.56   4.6   4.5
 1    9   90   200  50.8   0.0056     1.2     8.69  508.42   4.6   4.5
 1    9   90   300  49.8    0.006     1.2     8.41   495.3   4.5   4.6
 1    9   90   400  48.7   0.0062     1.4     8.45  491.71   4.5   4.6
 1    9   90   500  47.9   0.0062     1.5     6.82  487.51   4.6   4.6
 1    9   90   600  47.8   0.0059     1.6     5.18  491.29   4.4   4.2
 1    9   90   700  48.1   0.0062     1.5     3.76  522.71   4.4     4
 1    9   90   800  47.8   0.0065    19.2     6.58  545.93   4.5   5.1
 1    9   90   900  49.8   0.0071   197.8     3.04  650.45   4.5     3
 1    9   90  1000  53.3   0.0074   323.5     7.38  736.06   4.7   3.5
 1    9   90  1100  58.1   0.0072   444.5     8.71  778.13   4.6   3.2
 1    9   90  1200  61.9   0.0062   566.5     6.88  790.37   4.5     3
 1    9   90  1300  64.3   0.0053   530.9     3.61  778.26   4.7   3.1
 1    9   90  1400  65.5    0.005   477.7     2.45  782.53   4.8   2.9
 1    9   90  1500  68.2   0.0041   533.3     1.73  781.62   5.1   2.8
 1    9   90  1600  68.5   0.0038   389.4      2.7  762.38   5.1   2.8
 1    9   90  1700  68.4   0.0036   216.3      2.1  725.51   5.1   2.7
 1    9   90  1800  67.5   0.0036    23.8     2.06  610.76   4.9   2.8
 1    9   90  1900  64.5   0.0035     0.1     2.75  566.44   4.5     3
 1    9   90  2000  62.1    0.004     0.5     2.99  556.84   4.5   3.6
 1    9   90  2100    60   0.0041     0.7     4.47  555.18   4.7   3.2
 1    9   90  2200    59    0.004     0.9     5.19  553.35   4.8   3.8
 1    9   90  2300  58.5    0.004       1     1.96     543   4.6   3.4
 1   10   90     0  57.7   0.0038     1.1     4.04  531.79   4.7   3.8
 1   10   90   100  56.8   0.0034     1.2     5.78  517.85   4.6   3.8
 1   10   90   200  57.8   0.0031     1.1     3.05  510.61   4.6   3.3
 1   10   90   300  55.2   0.0033     1.2     4.01  504.53   4.4   3.9
 1   10   90   400  53.6   0.0031     1.4     3.65  500.84   4.5   3.8
 1   10   90   500  51.5   0.0032     1.5     1.31  501.07   4.4   3.9
 1   10   90   600  51.4   0.0032     1.6     0.56  506.29   4.3   4.1
 1   10   90   700  48.7   0.0035     1.6     1.16  539.65   4.4   4.7
 1   10   90   800  46.9   0.0035    16.5     1.76  564.11   4.5   4.6
 1   10   90   900  47.2   0.0036   153.9      1.2   660.7   4.5   2.9
 1   10   90  1000  53.6   0.0035   336.7     0.37  723.95   4.6   3.5
 1   10   90  1100    59   0.0029   498.7     2.83  753.06   4.4   3.2
 1   10   90  1200  63.5   0.0022   609.5     4.66  765.88   4.6     3
 1   10   90  1300  66.6   0.0018   658.3     3.73  761.84     5   2.9
 1   10   90  1400  68.6   0.0015   636.8      3.6  771.96   5.1   2.8
 1   10   90  1500    70   0.0015     547     4.24  773.36   4.9   2.7
 1   10   90  1600  70.9   0.0017   400.1     5.13  768.57   4.8   2.5
 1   10   90  1700  71.3   0.0019   213.7     6.57  741.25   4.9   2.5
 1   10   90  1800  69.8   0.0027    36.5     5.16  626.64   4.9   2.5
 1   10   90  1900    68   0.0032       0     5.25  588.54   4.9   2.7
 1   10   90  2000  65.9   0.0043     0.1      6.2  575.54     5   2.8
 1   10   90  2100  62.5   0.0067     0.4     8.89   568.8   4.9     3
 1   10   90  2200  59.3   0.0082     0.5      7.2  572.33   4.7   3.3
 1   10   90  2300  57.4   0.0093     0.7     3.91  557.93   4.4     3
 1   11   90     0  56.1 0.006101       1     2.75  549.96   4.4   3.2
 1   11   90   100  55.5 0.006865     0.9     4.12  545.46   4.4   2.9
 1   11   90   200  55.3 0.006931     0.9     8.46  532.35   4.4     3
 1   11   90   300    56 0.006661     0.9     6.01  520.17   4.3   3.4
 1   11   90   400  55.9 0.006933     0.9     4.95  510.53   4.4   3.3
 1   11   90   500  55.2 0.006644     0.9     5.79  510.67   4.3   3.4
 1   11   90   600  56.8 0.007407     0.9     8.96  509.18   4.4   3.2
 1   11   90   700  55.6 0.007095       1      9.1     534   4.5   3.2
 1   11   90   800  55.2 0.006738     7.9     8.57  561.79   4.4   3.3
 1   11   90   900  55.1 0.006698    65.8     9.33  663.79   4.4     3
 1   11   90  1000  56.5   0.0097   322.5     8.95  724.48   4.4   2.9
 1   11   90  1100    59   0.0091   490.4     8.27  751.65   4.8   2.6
 1   11   90  1200  62.8   0.0076   605.6     8.81  749.88   4.9   2.5
 1   11   90  1300  66.8   0.0064   655.4     8.82  735.06   4.9   2.6
 1   11   90  1400  70.2   0.0057   632.4     8.52  755.95   4.9   2.5
 1   11   90  1500  73.2   0.0056   544.1      5.9  757.54   5.1   2.4
 1   11   90  1600    75    0.005   398.2     4.35  757.71   4.9   1.9
 1   11   90  1700  74.8    0.005   207.3     4.68  732.57   4.4     2
 1   11   90  1800  73.7   0.0051    34.3     4.25  635.34   5.6     2
 1   11   90  1900  71.9   0.0054       0     3.22  590.08   5.7   2.2
 1   11   90  2000  68.6    0.006     0.3     1.07   573.8   5.9   2.6
 1   11   90  2100  65.2   0.0063     0.5     2.33  571.88   5.6   2.6
 1   11   90  2200  63.2   0.0043     0.7     7.19  568.16   5.4   2.8
 1   11   90  2300  60.6   0.0039     0.9     5.57  558.05   5.3     3
 1   12   90     0    57   0.0035       1     7.55  545.22     5   3.4
 1   12   90   100  54.6   0.0025     1.1     8.67  532.38   4.8   3.8
 1   12   90   200  52.6    0.002     1.4     9.31  522.38   4.8   3.9
 1   12   90   300  50.8   0.0016     1.5    10.23  512.85   4.7   3.7
 1   12   90   400  48.9   0.0012     1.7    12.32  504.16   4.6   4.7
 1   12   90   500  47.5   0.0013     1.8    11.33  504.74   4.6   4.3
 1   12   90   600  47.1   0.0018     1.8    12.09  511.44   4.6   4.3
 1   12   90   700  46.3   0.0017     1.8    10.62  545.46   4.6   4.6
 1   12   90   800  45.1   0.0017    16.2     7.92  562.53   4.7   4.5
 1   12   90   900  45.2    0.001   152.7     8.69  668.62   4.8   3.4
 1   12   90  1000  48.2   0.0003   344.5     11.1  731.78     5   3.2
 1   12   90  1100  51.7 0.004067   510.9    14.85  764.62     5   3.5
 1   12   90  1200  53.1 0.003996   623.2    13.38   760.9   5.2   3.4
 1   12   90  1300  55.1 0.003704   670.5    12.55  748.09   5.2   3.5
 1   12   90  1400  56.3 0.003688   649.5    12.25  771.12   5.2   3.3
 1   12   90  1500  56.8 0.003929   562.1    12.84  784.65   5.3   3.3
 1   12   90  1600  56.8 0.004475   416.2    11.73  771.41   5.4   3.3
 1   12   90  1700  55.1 0.004507   228.6    12.09  729.89   5.3   3.8
 1   12   90  1800  52.6 0.004746    43.6    10.67  612.76   5.2   4.1
 1   12   90  1900  49.4 0.004776     1.5     9.06  578.38   5.1   3.7
 1   12   90  2000  46.6   0.0001     1.7     7.34  566.31   4.4   3.9
 1   12   90  2100  44.4   0.0002       2     7.73  552.07   4.1     4
 1   12   90  2200  42.5   0.0003     2.1     6.21   552.3   4.1     4
 1   12   90  2300  40.9   0.0004     2.5     5.65  545.37   3.9   4.2
 1   13   90     0  39.5   0.0005     2.5      5.8  528.51     4   4.2
 1   13   90   100  38.3   0.0005     2.6     5.68  511.28     4   4.4
 1   13   90   200    37   0.0005     2.7     4.98  512.12   3.8   4.1
 1   13   90   300  35.9   0.0006     2.7     5.94  513.48   3.7   4.3
 1   13   90   400  34.4   0.0006     2.8     5.24  507.26   3.7   4.5
 1   13   90   500  33.7   0.0007     2.9     4.46  507.82   3.7   4.4
 1   13   90   600  32.7   0.0007     3.1     3.83  507.72   3.7   5.1
 1   13   90   700  32.4   0.0007     3.2     3.25  509.02   3.5   4.9
 1   13   90   800  32.1   0.0008    21.9     1.88  499.06   3.5   5.1
 1   13   90   900  33.1   0.0008     157     4.86   503.5   3.5   4.2
 1   13   90  1000  36.4   0.0008   328.4     6.29  503.55   3.6   4.6
 1   13   90  1100    41   0.0005   514.3     8.78  522.24   4.1   4.8
 1   13   90  1200  44.6   0.0003   469.4      6.5  528.17   4.1   4.2
 1   13   90  1300  48.8 0.002401   668.5     6.24  530.42   4.3   4.2
 1   13   90  1400  51.4 0.002577   644.1     7.65  530.46   4.3   4.1
 1   13   90  1500  53.2   0.0001   522.1     7.42  535.97   4.3   3.9
 1   13   90  1600  54.8   0.0003   392.3     7.19  534.29   4.4   4.1
 1   13   90  1700  55.1   0.0006   170.5     6.85  527.31   4.1   3.8
 1   13   90  1800  54.4   0.0011     8.9     3.93  516.98   4.2   4.4
 1   13   90  1900  53.7   0.0014     1.1     3.52  524.07   4.1   3.8
 1   13   90  2000  52.2   0.0018     1.1     6.49  520.42   4.1   4.6
 1   13   90  2100  50.1   0.0022     1.2     9.24  514.99   4.2   4.2
 1   13   90  2200  48.6    0.003     1.4     8.88  509.88   4.1   4.7
 1   13   90  2300    48   0.0035     1.6     8.45   508.2   4.1   4.2
 1   14   90     0  48.4   0.0041     1.6     7.15  498.74     4   4.2
 1   14   90   100  47.7   0.0044     1.7     5.33  496.62   4.1   3.9
 1   14   90   200  47.1   0.0046     1.7     4.66  485.93     4   4.3
 1   14   90   300  46.6   0.0048     1.8     3.15  477.98     4   3.8
 1   14   90   400  46.4   0.0049     1.7     2.16  475.98   4.1   4.4
 1   14   90   500  46.5    0.005     1.7     1.87  477.68     4     4
 1   14   90   600  47.1   0.0052     1.7     1.85  477.07     4   4.4
 1   14   90   700  47.8   0.0054     1.6      1.4   485.7     4   3.7
 1   14   90   800  48.1   0.0055     4.4     1.17  477.06   4.2   4.1
 1   14   90   900  48.9   0.0058    30.6     1.79   474.6   4.3   4.6
 1   14   90  1000  51.2   0.0062    96.8     3.23  486.02   4.5   4.1
 1   14   90  1100    54   0.0065   182.4     2.96  494.94   4.4   3.7
 1   14   90  1200  58.6   0.0069   273.7      6.5  501.51   4.2   3.7
 1   14   90  1300  61.8   0.0074   136.6     6.56  506.92   4.3   3.3
 1   14   90  1400  63.1    0.008     120     5.93   520.1   4.3   3.4
 1   14   90  1500  64.4   0.0081   185.1      7.3  519.73   4.4   3.3
 1   14   90  1600  65.3    0.008   148.8     7.45  514.46   4.5   3.1
 1   14   90  1700  65.8   0.0082    75.1     6.92  503.29   4.6   3.3
 1   14   90  1800  65.2   0.0084    11.4     3.59   497.5   4.8   2.9
 1   14   90  1900  64.7   0.0084     0.5     4.64   511.3   4.7   3.4
 1   14   90  2000  64.4   0.0086     0.5     4.58  508.68   4.8     3
 1   14   90  2100  64.2   0.0092     0.5     5.24  519.84   4.8   3.4
 1   14   90  2200  63.1   0.0097     0.5     5.22  528.97   4.8   3.2
 1   14   90  2300  62.4   0.0104     0.6     6.12  518.49   4.8   3.1
 1   15   90     0  62.3   0.0115     0.6     6.15  510.41   4.9   3.1
 1   15   90   100  62.5   0.0121     0.6     5.35  493.13   4.8   3.3
 1   15   90   200  61.5   0.0117     0.6     4.15  485.58   4.8   2.9
 1   15   90   300  60.8   0.0115     0.7     3.89  482.84   4.8   3.2
 1   15   90   400  60.3 0.009108     0.7     4.27  478.67   4.8   3.1
 1   15   90   500  60.1 0.008472     0.6     4.59  480.42   4.9   3.4
 1   15   90   600  60.3  0.00936     0.6     3.57  489.43   4.8     3
 1   15   90   700  60.7 0.009015     0.6     4.31  529.04   4.7   3.1
 1   15   90   800  61.6 0.009132     3.2     4.55  609.78   4.7     3
 1   15   90   900  61.8 0.008738    56.5     5.34  742.39   4.7   2.8
 1   15   90  1000  62.8 0.009635     120     6.64  794.81   5.2   2.5
 1   15   90  1100    64   0.0128   253.4     7.64  725.06   5.6   2.3
 1   15   90  1200  65.6   0.0128   245.9     7.89  725.06     6   2.4
 1   15   90  1300  67.5   0.0113   279.1     8.82  725.06   6.1   2.3
 1   15   90  1400  71.1   0.0089   579.2     10.8  725.06   5.9   2.2
 1   15   90  1500  71.9   0.0081   379.6     10.4  834.19   5.6   2.2
 1   15   90  1600  72.2   0.0079   288.3      9.2  833.83   5.7     2
 1   15   90  1700  72.2   0.0076   193.4    10.67  807.51   5.7   2.1
 1   15   90  1800  70.7   0.0078    32.8     7.27  702.23   6.1   2.2
 1   15   90  1900  68.5   0.0087     0.1     7.43  654.01   6.3   2.3
 1   15   90  2000  66.7   0.0089     0.1     5.99  640.47   6.3   2.5
 1   15   90  2100  64.3   0.0086     0.4     8.74  631.99   6.1   2.6
 1   15   90  2200  62.3   0.0089     0.5     9.84  604.55   5.8   2.8
 1   15   90  2300  61.1   0.0094     0.6      8.1  567.14   5.7     3
 1   16   90     0  60.3   0.0097     0.7     6.66  545.61   5.7   2.9
 1   16   90   100  59.5   0.0103     0.7     8.55  515.18   5.7   3.1
 1   16   90   200  59.3   0.0108     0.7     6.58  502.69   5.6   3.2
 1   16   90   300  58.8   0.0107     0.9     7.82  498.59   5.6   3.2
 1   16   90   400  58.6 0.008467     0.9     8.37  498.74   5.6   3.4
 1   16   90   500    59 0.008847     0.9     8.81  498.89   5.4   3.2
 1   16   90   600  59.6 0.010097     0.7     7.89  503.85   5.6   2.9
 1   16   90   700    61 0.009118     0.6     8.41  530.29   5.6   3.4
 1   16   90   800  62.1 0.010912       7    10.17   594.2   5.7   2.7
 1   16   90   900  63.2   0.0125    54.8     9.29   718.5     6   2.9
 1   16   90  1000  64.5   0.0131   126.3     9.24  792.11   6.1   2.5
 1   16   90  1100  65.3   0.0134   107.8     9.79  826.19   5.7   2.4
 1   16   90  1200  66.4   0.0133     149     9.18  819.24   5.5   2.3
 1   16   90  1300  67.9   0.0126   168.8      9.2  815.12   5.9   2.2
 1   16   90  1400  68.3   0.0132   138.3     8.17  830.34   6.1   2.1
 1   16   90  1500  69.5    0.013   135.8     8.96  840.86   5.9   2.2
 1   16   90  1600  69.8   0.0129    68.5     9.77  826.38   5.7   1.9
 1   16   90  1700    69   0.0133    51.1     7.84  789.09   5.7     2
 1   16   90  1800  68.6   0.0137    19.9     7.07  698.98   5.8   1.9
 1   16   90  1900  68.3   0.0134     0.1     6.99  642.95   5.8   1.9
 1   16   90  2000  67.3   0.0142     0.3     7.09  633.39   5.8   2.1
 1   16   90  2100  66.6   0.0141     0.1     7.96  636.64   5.9   2.2
 1   16   90  2200    66   0.0138     0.3     8.05  604.18   5.8   2.3
 1   16   90  2300    66   0.0138     0.1     8.19  590.95   5.9   2.4
 1   17   90     0    66   0.0138     0.1     6.77  588.05   5.6   2.4
 1   17   90   100  65.7   0.0137     0.3     5.86  560.05   5.5   2.4
 1   17   90   200  65.5   0.0136     0.3     5.17  543.45   5.7   2.5
 1   17   90   300  65.5 0.013911     0.3     4.95  542.36   6.1   2.5
 1   17   90   400  66.2 0.014294     0.3     6.69  533.55   6.3   2.6
 1   17   90   500    67 0.014064     0.1     10.7  529.96   6.1   2.5
 1   17   90   600  67.2 0.014476     0.1    10.73  531.13   6.3   2.5
 1   17   90   700    67 0.014736     0.1    10.22  560.81   6.5   2.5
 1   17   90   800  66.8 0.014298    12.1     8.62   644.8   6.5   2.5
 1   17   90   900  67.2 0.013511    93.6     8.04  751.33   6.6   2.5
 1   17   90  1000  68.2   0.0149    81.2     11.5  811.42   6.2   2.3
 1   17   90  1100  68.7   0.0151   124.3    10.58  842.14   5.9   2.1
 1   17   90  1200  68.8   0.0152   181.2     9.91  850.53   6.3   1.9
 1   17   90  1300    69   0.0153   130.5     9.31  841.37   6.4   1.9
 1   17   90  1400  68.3    0.015    76.3     7.43  849.67   6.5     2
 1   17   90  1500  67.3   0.0144    94.6      7.5  857.42   6.3   1.9
 1   17   90  1600  67.8 0.013917    56.8     5.75  843.75   6.5   1.8
 1   17   90  1700  68.7   0.0152    29.2     5.79  810.63   6.2   1.9
 1   17   90  1800    69   0.0153     4.5     5.08  691.77   6.3   1.9
 1   17   90  1900  68.6   0.0151       0     7.89  643.07   6.3     2
 1   17   90  2000  68.2    0.015       0     6.25  636.14   6.3     2
 1   17   90  2100    68 0.012933       0      5.2  636.03   6.1     2
 1   17   90  2200  67.6   0.0131       0      5.7  633.93   6.3     2
 1   17   90  2300  67.6 0.011512       0      4.6  589.41   5.9   2.1
 1   18   90     0  67.3 0.014818       0     3.73  544.29   6.2   2.2
 1   18   90   100  66.7 0.015728     0.1      2.6  532.46   6.5   2.2
 1   18   90   200  66.5 0.015324     0.1     1.93  516.64   6.6   2.5
 1   18   90   300  66.3 0.015146     0.1     1.42  510.36   6.4   2.4
 1   18   90   400  65.7 0.014862     0.1     2.47  508.54   6.4   2.5
 1   18   90   500  64.2    0.013     0.1     5.27  507.46   6.3   2.7
 1   18   90   600  62.3 0.012354     0.3     6.11  513.87   6.2   2.8
 1   18   90   700  62.5 0.012487     0.3     4.43  559.96   6.2   2.7
 1   18   90   800  62.8 0.012221     0.7     2.54  646.38   6.2   2.6
 1   18   90   900    61 0.010289     8.4     4.65  757.98   5.6   2.5
 1   18   90  1000  60.4 0.010038    51.9     5.65  811.33   5.8   2.4
 1   18   90  1100  64.6  0.01141   147.8     5.48  835.47     6   2.2
 1   18   90  1200  68.2 0.012839   172.4     6.73   849.8   6.1     2
 1   18   90  1300  69.8   0.0157   287.4     8.44  853.57   6.6   2.1
 1   18   90  1400  69.7   0.0157   183.2     7.98  871.73   6.6   1.9
 1   18   90  1500  70.4   0.0161   144.4      7.8  871.12   6.6   1.8
 1   18   90  1600  69.6   0.0156   115.1     6.71  869.65   6.6   1.8
 1   18   90  1700  71.7   0.0151    90.4     6.39  829.32   6.4   1.7
 1   18   90  1800    71   0.0152     8.9     9.88  699.43   6.5   1.9
 1   18   90  1900  69.3   0.0154    -0.1    10.68  640.16   6.5     2
 1   18   90  2000  68.9   0.0153    -0.1    11.04  615.14   6.2     2
 1   18   90  2100  68.7   0.0152    -0.1    10.12  624.05   5.9   2.2
 1   18   90  2200  68.5   0.0151    -0.1    11.41  627.02   5.8   2.2
 1   18   90  2300  68.5   0.0151    -0.1    11.35  600.63   5.8   2.2
 1   19   90     0    68   0.0148    -0.1    10.62  571.35   5.8   2.2
 1   19   90   100  67.7   0.0146       0    10.49  552.01   6.1   2.2
 1   19   90   200  67.5   0.0145       0     9.34  543.24   6.3   2.3
 1   19   90   300  67.6   0.0146       0     9.64  520.19   6.5   2.3
 1   19   90   400  67.4   0.0145       0     9.87  513.44   6.4   2.4
 1   19   90   500  67.5   0.0145    -0.1    10.33  510.96   6.4   2.4
 1   19   90   600  67.3   0.0144       0    10.73  512.89   6.3   2.5
 1   19   90   700    67   0.0143    -0.1    10.64  554.91   6.3   2.4
 1   19   90   800    67   0.0143     2.8    11.72  650.66   6.4   2.4
 1   19   90   900  67.3   0.0144    31.9    10.55  760.46   6.1   2.3
 1   19   90  1000    68   0.0148   100.9    10.66  831.26   5.8   2.1
 1   19   90  1100  68.5    0.015    65.5    11.63  874.09     6   1.9
 1   19   90  1200    68   0.0148    48.5    10.27  884.89   6.3   1.9
 1   19   90  1300  68.5   0.0151   271.3    10.93  862.43   6.4   1.9
 1   19   90  1400  70.5   0.0161   234.7    12.63  870.45   6.5   1.8
 1   19   90  1500  66.9   0.0132     106    14.71  861.22   6.3   1.7
 1   19   90  1600    58     0.01   160.5    14.83  845.46   6.2     2
 1   19   90  1700  56.7   0.0095      47    11.49  804.56   5.6   2.5
 1   19   90  1800    56   0.0087     7.2    12.15   665.3   5.6   3.1
 1   19   90  1900  55.7   0.0085     0.6    11.08  596.13   5.4   2.8
 1   19   90  2000  54.7   0.0073     0.7    11.11  566.73   5.3   3.1
 1   19   90  2100  53.7   0.0069     0.9    11.27   559.3   4.6   3.3
 1   19   90  2200  53.1   0.0066     0.9     9.78  551.04     0   0.5
 1   19   90  2300  52.7    0.006     0.9     9.86  521.52     0   0.1
 1   20   90     0  52.2   0.0055     0.9     9.57  504.66     0     0
 1   20   90   100  53.3   0.0056       1     9.04   495.3     0     0
 1   20   90   200  50.8    0.005       1     8.03  494.81     0   0.1
 1   20   90   300  50.1    0.005     1.1      7.4  503.59     0   2.7
 1   20   90   400  49.9   0.0051     1.2     5.74  500.34     0   2.4
 1   20   90   500  49.8   0.0051     1.1     5.76  492.39     0   2.1
 1   20   90   600  48.3   0.0054     1.2        4  494.45     0   1.9
 1   20   90   700  47.3   0.0057     1.2     4.67  493.89     0   2.1
 1   20   90   800  46.6   0.0061     3.2     3.86  487.77   1.8   2.2
 1   20   90   900  46.4   0.0056    23.6     4.14  482.61   3.2   2.4
 1   20   90  1000  47.1   0.0051    55.8     3.33  510.59   3.8     3
 1   20   90  1100  48.1    0.005   134.1      4.5   524.8   4.8     3
 1   20   90  1200  49.8   0.0045   235.6     4.95  535.26   4.2   3.4
 1   20   90  1300  51.8   0.0044   412.8     5.85   539.3   5.4   3.1
 1   20   90  1400  55.7   0.0033   637.8     8.29  553.04   5.2   3.2
 1   20   90  1500  56.6   0.0029   580.2     7.96  555.94   5.2   3.3
 1   20   90  1600  57.7   0.0029   410.8     6.73  564.26   5.2   3.3
 1   20   90  1700  57.3   0.0029   129.7     5.55  558.41   5.2   3.3
 1   20   90  1800    56   0.0031    10.6     5.81  543.21   5.1   3.4
 1   20   90  1900  54.6   0.0033     0.7     2.85  545.53   5.1   3.3
 1   20   90  2000  53.9   0.0035     0.9      0.4  543.97   5.1   3.4
 1   20   90  2100  53.3   0.0036       1     0.11   544.1     5   3.7
 1   20   90  2200  52.2   0.0039     1.1     1.66  532.35     5   3.5
 1   20   90  2300  51.4    0.004     1.1     2.08  527.46   4.9   3.8
 1   21   90     0  49.9   0.0043     1.2     5.54     522   4.9     4
 1   21   90   100  47.9   0.0045     1.4     5.21   511.8   4.7   3.8
 1   21   90   200  47.2   0.0043     1.5      5.1   506.6   4.7   4.1
 1   21   90   300  46.4   0.0044     1.6     6.08  499.66   4.7   4.8
 1   21   90   400  45.4   0.0041     1.7     6.03  499.97   4.5   4.4
 1   21   90   500  43.8   0.0036     1.8     4.91  501.22   4.6   4.1
 1   21   90   600  42.8   0.0035     1.8      3.9  501.62   4.3   4.2
 1   21   90   700    42   0.0034       2      4.2  499.41   4.3   4.2
 1   21   90   800  41.7   0.0034    23.6     3.89  486.77   4.3   4.4
 1   21   90   900  42.5   0.0034   141.4     1.63   489.4   4.3     4
 1   21   90  1000  47.1   0.0033   339.6     4.41  500.35   4.4   4.1
 1   21   90  1100  51.6   0.0029   510.4     6.26  515.42   4.6   3.8
 1   21   90  1200  53.6   0.0026   576.8     5.51     535   4.7   3.9
 1   21   90  1300  55.8   0.0024   679.8     7.06  552.36   4.8   3.7
 1   21   90  1400  57.8   0.0022   668.5     7.09  552.66   4.9   3.5
 1   21   90  1500  59.5    0.002   582.2     5.65   560.5     5   3.7
 1   21   90  1600    61   0.0016   437.7     5.55  558.98     5   3.4
 1   21   90  1700  61.3   0.0014   251.5     5.24  556.55   5.2   3.4
 1   21   90  1800  60.1   0.0019    61.1     4.58   546.3     5   3.5
 1   21   90  1900    57   0.0029     0.6      4.6  555.68   5.1   4.3
 1   21   90  2000  55.1   0.0032     0.9      3.2  556.71     5   3.7
 1   21   90  2100  54.1   0.0031     0.9     0.88   561.7     5   3.5
 1   21   90  2200  54.6   0.0024     1.2     1.41  559.83   4.8   3.7
 1   21   90  2300  53.6   0.0023     1.2     2.68  542.39   4.7   3.9
 1   22   90     0  52.1   0.0025     1.2     2.84  527.94   4.6   3.8
 1   22   90   100  51.1   0.0025     1.2     1.88  514.84   4.6   4.1
 1   22   90   200  48.5    0.003     1.4     1.14  502.59   4.4   3.8
 1   22   90   300  49.8   0.0032     1.5     2.27  499.46   4.3   4.5
 1   22   90   400  48.2   0.0036     1.5      0.2  496.99   4.3   4.5
 1   22   90   500  46.4   0.0032     1.5     5.07  498.85   4.5   5.1
 1   22   90   600  46.6   0.0031     1.6      1.8  500.16   4.3   3.8
 1   22   90   700  47.1   0.0031     1.6     0.23  537.76   4.2   4.4
 1   22   90   800  46.2   0.0033    14.8     0.34  626.96   4.3   4.5
 1   22   90   900  47.1   0.0035   163.6     1.53   756.8   4.6   3.8
 1   22   90  1000  50.8   0.0038     362     3.28  825.74   4.9   3.8
 1   22   90  1100  54.5   0.0033     526     2.97  859.55   5.2   3.3
 1   22   90  1200  58.2   0.0032   612.4     4.67  877.93   5.4   3.3
 1   22   90  1300  60.9   0.0031   666.1     4.01  878.62   5.5   3.1
 1   22   90  1400    63   0.0024   612.9     5.56  892.08   5.6     3
 1   22   90  1500  64.7   0.0022     548     5.47  905.99   5.6   2.9
 1   22   90  1600  65.4    0.002   418.7     6.87  887.47   5.8   2.8
 1   22   90  1700  65.5   0.0019     209     7.12  836.91   5.7   2.9
 1   22   90  1800  64.5   0.0021    34.5     5.02  713.54   5.6   2.8
 1   22   90  1900  62.3   0.0024     0.4     4.54  681.81   5.5   3.3
 1   22   90  2000  59.8   0.0027     0.4     6.24  678.07   5.3   3.2
 1   22   90  2100  59.2   0.0028     0.5     6.38  684.38   5.4   3.5
 1   22   90  2200  58.2   0.0029     0.5     9.01  674.29   5.2   3.3
 1   22   90  2300  55.6   0.0031     0.6    11.02  626.94   5.1     4
 1   23   90     0  53.9   0.0034     0.6     9.29   588.5   5.1   3.6
 1   23   90   100  52.1   0.0045     0.9     6.77  563.38     5     4
 1   23   90   200    51   0.0052       1     8.26  550.18     5   3.8
 1   23   90   300  50.3   0.0057     1.1     7.87  533.33   4.9   4.6
 1   23   90   400  49.9    0.006     1.2     8.26  526.21   4.9   3.9
 1   23   90   500  49.3   0.0063     1.2     5.78  523.59   4.9   3.6
 1   23   90   600  49.6   0.0067     1.4     4.09  522.14   4.8   4.4
 1   23   90   700  49.9   0.0071     1.2     4.53  565.26   4.9     4
 1   23   90   800  49.9   0.0076     9.9     3.47  651.15     5   3.8
 1   23   90   900  49.4 0.004361      67     5.79  791.86   5.2   4.3
 1   23   90  1000  51.7   0.0082   148.5     3.68  848.89   5.3   2.9
 1   23   90  1100    54   0.0087   222.2     7.38  870.78   5.6   3.6
 1   23   90  1200  58.5   0.0094   405.5     7.83  870.58   5.7   2.6
 1   23   90  1300  63.4   0.0083   429.9    10.97  867.96   5.8     3
 1   23   90  1400  66.2   0.0069   618.8    11.48  883.18   5.9   2.7
 1   23   90  1500  68.5    0.006   537.3    13.31  893.49     6   2.7
 1   23   90  1600  69.7   0.0054   347.4    10.23  887.08     6   2.5
 1   23   90  1700  69.7   0.0054    96.8     7.95  852.38     6   2.6
 1   23   90  1800  69.5   0.0052    32.3     6.54   732.9   6.1   2.7
 1   23   90  1900  68.2   0.0054    -0.2      5.4  659.04   5.9   2.9
 1   23   90  2000  66.5   0.0057    -0.1     1.43  651.01   5.7   3.6
 1   23   90  2100  65.4   0.0057     0.1     0.76  650.73   5.5   3.4
 1   23   90  2200  64.2   0.0059     0.4     0.05  629.86   5.5   3.5
 1   23   90  2300  64.2   0.0061     0.3     1.43  593.59   5.4   3.5
 1   24   90     0  62.3   0.0062     0.3     2.79  556.38   5.4   3.5
 1   24   90   100  63.5   0.0063     0.1     5.38  541.72   5.4   3.3
 1   24   90   200    60   0.0076     0.3     2.39  518.83   5.4   3.7
 1   24   90   300  60.5   0.0091     0.4     2.23     508   5.4   3.7
 1   24   90   400  60.2   0.0098     0.4     6.53  508.11   5.5   3.6
 1   24   90   500  57.3   0.0098     0.4     5.42  505.98   5.4   3.7
 1   24   90   600  57.8   0.0093     0.5     0.85  508.98   5.4   3.4
 1   24   90   700  57.5   0.0098     0.5     1.12   554.3   5.4   3.8
 1   24   90   800    57     0.01     1.7     5.88  636.56   5.5   3.7
 1   24   90   900  56.9 0.006678     7.7      5.8  744.86   5.7   3.6
 1   24   90  1000  57.3 0.007476    31.4     3.65  825.02     6     3
 1   24   90  1100  57.9  0.00809      56     2.92  862.15   6.2   2.7
 1   24   90  1200  59.1 0.008781    69.4     5.34  875.52   6.3   2.6
 1   24   90  1300  60.4  0.00784    58.9     3.67  856.94   6.2   2.9
 1   24   90  1400  60.6   0.0097      56     5.09   866.5   6.4   2.4
 1   24   90  1500  60.8 0.008515    30.6     6.43  885.59   6.3   2.7
 1   24   90  1600    59 0.007924    68.5     6.89  871.81   6.4   2.7
 1   24   90  1700  60.3 0.008246    52.6     4.88  830.92   6.3   2.6
 1   24   90  1800  60.8 0.009205      27     6.73  739.54   6.3   2.6
 1   24   90  1900  60.5 0.006911     0.3     4.14   690.4   6.1   3.2
 1   24   90  2000  59.3   0.0092     0.3     9.27   669.5     6   3.1
 1   24   90  2100  54.5   0.0035     0.6    12.81  662.78   5.2   3.4
 1   24   90  2200  52.6    0.003       1    13.07  641.65   5.1   3.7
 1   24   90  2300  51.6   0.0024       1    13.68  599.01     5   3.8
 1   25   90     0  50.5   0.0022     1.1    14.58  581.68   5.1   4.2
 1   25   90   100  48.8   0.0014     1.2    16.63  556.54   4.9   4.4
 1   25   90   200  46.8   0.0016     1.4    15.84  531.43   4.9   4.5
 1   25   90   300  44.2    0.002     1.5    15.69  524.34   4.6   4.5
 1   25   90   400  41.7   0.0023     1.7    15.73  525.71   4.7   4.5
 1   25   90   500  40.5   0.0024     1.8    14.41   517.5   4.4   4.6
 1   25   90   600  39.4   0.0024     1.8    12.23  522.46   4.5   4.4
 1   25   90   700  38.3   0.0026       2    12.46  562.86   4.4   4.7
 1   25   90   800    38   0.0026    21.4     11.7  634.35   4.3   4.8
 1   25   90   900    38   0.0026   177.8    11.64  761.08   4.6   4.2
 1   25   90  1000  39.9   0.0022   370.3    11.43  837.01   4.8   3.7
 1   25   90  1100  42.5   0.0019   539.2    10.93  877.67   4.9   3.6
 1   25   90  1200  45.1   0.0017   656.8     9.68  875.24   4.9   3.6
 1   25   90  1300  47.8   0.0012     711     8.12     865     5   3.8
 1   25   90  1400  49.9   0.0003   698.8    11.61  876.46   5.1   3.7
 1   25   90  1500  51.1   0.0006   611.4        9   891.6   5.2   3.4
 1   25   90  1600  51.9   0.0002     465     12.8  881.43   5.2   3.5
 1   25   90  1700  52.4   0.0003   271.7    11.94  836.13   5.3   3.7
 1   25   90  1800  52.1   0.0004    74.6     7.24  718.25   5.2   4.2
 1   25   90  1900  50.6   0.0006     1.4     2.01  671.66   5.1   4.2
 1   25   90  2000  49.6   0.0007     1.2     3.12  656.67   4.5   4.3
 1   25   90  2100  49.4   0.0007     1.2     4.01  659.24   4.4   4.1
 1   25   90  2200    49   0.0007     1.4     4.62  637.65   4.6   4.2
 1   25   90  2300  47.5   0.0013     1.2      5.8  591.69   4.4   4.4
 1   26   90     0  44.2    0.002     1.6     7.33  566.75   4.5   4.4
 1   26   90   100  43.5   0.0021     1.5     7.41  552.36   4.5   4.5
 1   26   90   200  43.5   0.0014     1.5     8.61  538.28   4.5   4.6
 1   26   90   300  41.9   0.0013     1.6     9.58  527.87   4.4   4.5
 1   26   90   400  41.6   0.0013     1.7     7.82   519.2   4.3   4.6
 1   26   90   500  40.9   0.0014     1.7     8.14  519.82   4.3   4.6
 1   26   90   600    40   0.0016     1.7     8.79  529.07   4.3   4.7
 1   26   90   700  39.4   0.0018       2     8.51  568.43   4.3   4.6
 1   26   90   800  39.4    0.002    21.9     8.09  639.69   4.4   4.6
 1   26   90   900  40.8   0.0022   178.3     9.17  751.88   4.5   3.6
 1   26   90  1000    46   0.0023   370.8     7.94   836.4   4.8   3.7
 1   26   90  1100  52.3   0.0015   541.2    11.35  869.28   5.2   3.4
 1   26   90  1200    56   0.0008   658.8    12.76  876.47   5.2   3.4
 1   26   90  1300  58.2   0.0003   715.4    13.67  847.99   5.3   3.2
 1   26   90  1400  59.9   0.0001   697.3    13.77  866.06   5.4   3.4
 1   26   90  1500  61.1 0.003788   611.9    14.46  886.67   5.4   3.1
 1   26   90  1600  61.6   0.0007   465.5    13.42  871.65   5.1     3
 1   26   90  1700  61.5   0.0015   273.2    14.26  822.13   5.2   3.1
 1   26   90  1800  59.8   0.0023    73.8    14.34  673.42   5.2     3
 1   26   90  1900  57.1    0.003     0.6     12.8  623.75   5.1   3.5
 1   26   90  2000  54.9   0.0036     0.5    14.64  610.36     5   3.7
 1   26   90  2100  53.8   0.0042     0.5    11.86  604.76     5   3.5
 1   26   90  2200  52.1   0.0046     0.6     8.66  600.27   4.9   3.6
 1   26   90  2300  50.8   0.0049     0.9     8.79  565.52   4.8   3.6
 1   27   90     0  51.1   0.0056     0.9     9.18  546.31   4.7   4.4
 1   27   90   100  52.3   0.0063     0.9    10.27   534.5   4.7   3.8
 1   27   90   200  51.3   0.0064     0.9    10.22  520.45   4.7   4.3
 1   27   90   300  50.7   0.0069       1     6.91  507.78   4.8   3.9
 1   27   90   400  50.4   0.0074     1.1     9.06  507.65   4.7   3.9
 1   27   90   500  50.2   0.0077     1.1     9.43  505.87   4.8   4.5
 1   27   90   600  51.3   0.0081     1.1     8.74   506.5   4.7   4.3
 1   27   90   700  51.4 0.005509       1     8.92  504.78   4.8     4
 1   27   90   800  52.5 0.005512    19.2    11.31  494.03   4.7     4
 1   27   90   900  53.8   0.0089   161.9     8.34  493.96   4.9   3.4
 1   27   90  1000  56.7   0.0093     342    10.34  509.13   5.1   3.7
 1   27   90  1100  62.1   0.0089   387.4    12.84  534.01   5.2   3.5
 1   27   90  1200  65.8   0.0079   439.6    14.89  541.91   5.3   3.2
 1   27   90  1300    68   0.0071   665.6    13.78  540.82   5.4   3.2
 1   27   90  1400  69.3   0.0065   582.2    12.05  549.16   5.4   2.9
 1   27   90  1500  70.2   0.0063   465.5     10.2   559.4   5.3   3.1
 1   27   90  1600  70.6   0.0064   356.7     9.99  562.17   5.1     3
 1   27   90  1700  69.5   0.0065   116.1     9.45  554.83   5.1     3
 1   27   90  1800  68.3    0.007    23.6     9.97  546.76     5   2.9
 1   27   90  1900  66.8   0.0071    -0.2     9.51   546.6   5.2   3.1
 1   27   90  2000  65.7   0.0078    -0.2     6.71  535.67   5.2     3
 1   27   90  2100  64.4   0.0085    -0.2     5.98  524.62   5.2   3.3
 1   27   90  2200  63.1   0.0089    -0.1     6.22  521.71   5.1   3.1
 1   27   90  2300    62   0.0093       0     6.15  523.05   5.4   3.2
 1   28   90     0    61   0.0098       0     5.14  518.88   5.3   3.2
 1   28   90   100  59.9    0.011     0.3      3.5  512.53   5.4   3.4
 1   28   90   200  59.2 0.008966     0.3     4.21  503.56   5.4   3.1
 1   28   90   300  58.6 0.006687     0.4     4.32  498.83   5.3   4.1
 1   28   90   400  52.4 0.006532     0.5     6.33  498.06   5.2   3.4
 1   28   90   500  47.8 0.005142     0.9     8.27  494.09   4.8   3.8
 1   28   90   600  46.1   0.0045     1.1     8.96  494.78   4.7   4.5
 1   28   90   700  45.1 0.004709     1.2     9.23  499.58   4.7   3.9
 1   28   90   800    45 0.004303     7.9     7.71   490.7   4.6   4.4
 1   28   90   900  44.6 0.004091    30.9     8.87  487.14   4.6   4.7
 1   28   90  1000  44.6 0.004258    66.8     9.46  499.19   4.5   4.1
 1   28   90  1100  44.6  0.00423    46.3     7.39  516.62   4.6     4
 1   28   90  1200  45.1 0.003857    85.1     7.55  529.54   4.5   4.3
 1   28   90  1300  45.1  0.00373    52.1     7.77  533.27   4.5   4.5
 1   28   90  1400  44.8 0.003898    35.5     8.66  538.26   4.5   4.2
 1   28   90  1500    44 0.003427    57.2     9.29  544.54   4.5   4.7
 1   28   90  1600  43.8 0.003569    40.6     9.24     546   4.5   4.3
 1   28   90  1700  42.7 0.003341    15.3     9.46  543.88   4.6   4.6
 1   28   90  1800  41.9 0.003207     5.9    10.84  533.76   4.4   4.6
 1   28   90  1900    42 0.003046     1.7     9.06  545.23   4.4   4.5
 1   28   90  2000  41.8 0.002964     1.6     9.46  541.34   4.3   4.4
 1   28   90  2100  41.6  0.00263     1.6    12.61  572.55   4.3   5.1
 1   28   90  2200  41.6 0.002577     1.6     9.32  580.15   4.3   4.5
 1   28   90  2300  41.5 0.002494     1.7     9.05   566.3   4.3   4.4
 1   29   90     0  39.5 0.003256     1.8      8.3  549.29   4.1   4.4
 1   29   90   100    39 0.003129       2      7.4  531.98   4.1   5.2
 1   29   90   200  38.7 0.003263     2.1     7.08  530.51   4.1   4.7
 1   29   90   300  37.6 0.003133     2.1     6.82  523.78   4.1     5
 1   29   90   400  36.5   0.0045     2.2     7.05  518.73   4.1   4.9
 1   29   90   500  34.9 0.002891     2.3     6.68  512.96   3.9     5
 1   29   90   600  33.9    0.004     2.5     6.19  515.57   3.9   4.9
 1   29   90   700  33.7   0.0037     2.5     5.11   561.5   3.8     5
 1   29   90   800  32.4   0.0036    25.3     5.45  649.37   3.9     5
 1   29   90   900  34.7   0.0032   189.5     5.19  649.37   4.2   3.7
 1   29   90  1000  39.6   0.0027   389.4      4.3  649.37   4.3     4
 1   29   90  1100  44.7   0.0024   563.1     1.77  884.89   4.4     4
 1   29   90  1200    49   0.0017   685.6     2.52  887.04   4.5   3.6
 1   29   90  1300  52.1   0.0011   742.7     1.57  875.71   4.6   3.7
 1   29   90  1400  53.4   0.0009   723.2     1.91  892.37   4.2   3.4
 1   29   90  1500  54.6   0.0008   637.3     3.27  916.97   4.9   3.2
 1   29   90  1600  54.8    0.001   492.3     5.15  919.38   4.9   3.6
 1   29   90  1700  55.4   0.0006   300.5     4.49  866.72   4.9   3.2
 1   29   90  1800  55.1   0.0008    89.9      3.8  738.07   4.8   3.2
 1   29   90  1900  52.9   0.0008     1.2     3.57  687.99   4.7   4.2
 1   29   90  2000    51    0.001     1.1     5.78  657.76   4.7   4.6
 1   29   90  2100  49.4   0.0014     1.2     5.96  658.44   4.7   3.6
 1   29   90  2200  47.8   0.0019     1.4     8.63  643.38   4.5   4.4
 1   29   90  2300  46.7   0.0025     1.5     8.82  609.72   4.5   4.6
 1   30   90     0    46   0.0029     1.5     9.64  593.77   4.5   4.5
 1   30   90   100  44.1   0.0031     1.6      9.2  550.23   4.5   4.6
 1   30   90   200  43.8   0.0029     1.7     8.11  530.58   4.4   4.2
 1   30   90   300  43.8   0.0033     1.6     8.04  526.58   4.3   4.3
 1   30   90   400  42.7   0.0034     1.7     5.91   523.8   4.2     5
 1   30   90   500  42.4   0.0035     1.8     4.82  514.38   4.3   4.6
 1   30   90   600  42.5   0.0036     1.8      4.4  515.53   4.2   4.1
 1   30   90   700  42.4    0.004     1.8     2.81  545.45   4.2   4.1
 1   30   90   800  41.9    0.004    27.5     6.87  650.58   4.1   4.6
 1   30   90   900  43.1   0.0044     148     5.95  784.87   4.3   3.5
 1   30   90  1000  47.3   0.0036     404     9.47  853.96   4.1   3.7
 1   30   90  1100    52   0.0029   432.3     7.41  883.35   4.7   3.4
 1   30   90  1200    56   0.0018   597.3     5.47  904.06   4.9   3.3
 1   30   90  1300  58.9   0.0013   735.4     3.57  877.84     5   3.2
 1   30   90  1400  62.9    0.001   711.5     2.39  890.17   5.1   2.9
 1   30   90  1500  64.6   0.0006   622.7     2.38  908.86   5.2   2.7
 1   30   90  1600    66   0.0006   491.9     2.38  900.39   5.2   2.7
 1   30   90  1700  66.3   0.0003   295.7     4.64  858.11   5.2   3.1
 1   30   90  1800  64.7   0.0009      78     5.18  760.05   5.3   2.8
 1   30   90  1900  61.6   0.0018     0.6     3.66  684.88   5.3   3.1
 1   30   90  2000  58.8    0.002     0.6     5.59  674.62   5.2   3.3
 1   30   90  2100  56.3    0.002     0.7     5.19  671.28   5.1   3.7
 1   30   90  2200  54.9   0.0024     0.9     3.76  661.25   4.9   3.6
 1   30   90  2300  53.2   0.0026       1     5.55  619.81   4.8   3.7
 1   31   90     0  52.6   0.0027     1.1     6.37  588.21   4.7   3.8
 1   31   90   100  52.6   0.0026       1     7.65  566.36   4.6   4.1
 1   31   90   200  49.4   0.0032     1.2     6.36  564.49   4.6   3.8
 1   31   90   300  49.4   0.0035     1.4     5.68  569.78   4.5   3.9
 1   31   90   400  46.9   0.0036     1.4     4.56  563.63   4.4     4
 1   31   90   500  45.2   0.0038     1.6     5.03  551.56   4.4   4.1
 1   31   90   600  46.8   0.0044     1.4     6.43  545.75   4.3     4
 1   31   90   700  46.2   0.0049     1.4     5.37     567   4.4   3.9
 1   31   90   800  46.3   0.0054     7.9     5.62  635.28   4.4   4.1
 1   31   90   900  48.4   0.0057    40.2     6.38   762.6   4.7     4
 1   31   90  1000  52.4   0.0058   123.9     6.63  852.27   4.8   3.4
 1   31   90  1100  56.5   0.0069   113.9     8.34  886.29   5.1   3.1
 1   31   90  1200  58.1   0.0079    93.8     9.66  895.27     5   3.2
 1   31   90  1300  59.3   0.0085    74.6        8  875.32   5.1   3.1
 1   31   90  1400  60.8   0.0094    85.1     9.85  897.92   5.1   2.7
 1   31   90  1500    62   0.0103   125.1    12.21  899.95   5.2   2.6
 1   31   90  1600  62.4   0.0115    48.7    10.67   890.9   5.2   2.5
 1   31   90  1700  62.5  0.00795    19.9    10.37  839.77   5.5   2.7
 1   31   90  1800  62.8 0.009095     4.7    10.19  723.78   5.4   2.5
 1   31   90  1900  63.8 0.009231     0.1    10.09  675.57   5.2   2.5
 1   31   90  2000  64.8 0.008917    -0.1     9.54  661.38   5.4   2.7
 1   31   90  2100  64.8 0.009139    -0.1     9.97  651.91   5.5   2.6
 1   31   90  2200  64.8 0.009122    -0.1     8.97  640.25   5.5   2.5
 1   31   90  2300  64.5 0.008695    -0.2     9.25  621.62   5.6   2.6
 2    1   90     0  63.4  0.01126    -0.1      6.8  581.38   5.5   2.7
 2    1   90   100  63.6 0.011686    -0.1        8  569.45   5.4   2.6
 2    1   90   200  64.5   0.0114       0     8.99  562.77   5.5   2.9
 2    1   90   300    65 0.012468       0     7.91  555.48   5.4   2.6
 2    1   90   400  64.8 0.012243    -0.1     8.47  549.58   5.5   2.7
 2    1   90   500  64.9 0.011992    -0.1     9.41  535.93   5.5   2.8
 2    1   90   600  65.3 0.012284    -0.1    10.61  532.96   5.5   2.7
 2    1   90   700  65.4 0.011611    -0.1    12.62  569.71   5.6   2.8
 2    1   90   800  66.1 0.011208     1.4    15.09  651.81   5.6   2.7
 2    1   90   900  57.6   0.0101      14    16.39  771.43   5.5   3.1
 2    1   90  1000  55.5 0.006526    40.2     8.39  840.92   5.1     3
 2    1   90  1100  56.2  0.00701      96      3.6  868.43     5   2.3
 2    1   90  1200  57.5  0.00601    88.5      3.4  890.37     5   2.7
 2    1   90  1300  57.6 0.006052   115.3     4.68  874.51   5.1   2.7
 2    1   90  1400  58.7  0.00637   369.4    12.17  886.47   5.4   2.3
 2    1   90  1500  61.8 0.006655   406.4    10.15  906.53   5.6   2.2
 2    1   90  1600  64.8   0.0119    77.7     4.61  904.54   5.7   2.3
 2    1   90  1700    63    0.012    16.2      3.4  849.93   5.8   2.1
 2    1   90  1800  61.3 0.009271     5.4     3.94   763.3   5.8   2.2
 2    1   90  1900  53.2 0.003157     0.4    23.94   694.8   5.1   3.3
 2    1   90  2000  53.3 0.005716     0.7     9.55  664.55   5.1   2.8
 2    1   90  2100  54.7    0.009     0.7     2.83  666.91   5.2   3.1
 2    1   90  2200  54.1   0.0089     0.6     3.36  662.33   5.2   3.6
 2    1   90  2300  52.9  0.00322     0.5     3.65  623.62   5.2   3.6
 2    2   90     0  53.1 0.007017     0.6     5.63  573.72     5   2.7
 2    2   90   100  53.1 0.006085     0.6     5.61  553.85     5   3.4
 2    2   90   200    53 0.005914     0.7     5.55  546.84     5   3.6
 2    2   90   300  52.6  0.00621     0.9     3.58   536.3   5.1   3.3
 2    2   90   400  51.4 0.005247     0.9     2.27   526.2   4.9   3.6
 2    2   90   500  50.6 0.004938       1     0.82  521.71   4.8   3.5
 2    2   90   600  48.6 0.004401       1     1.55  522.91   4.8   3.8
 2    2   90   700  47.8 0.004121     1.1     0.83  557.43   4.7   3.7
 2    2   90   800  47.7 0.004368    23.6     2.91  627.38   4.7   3.6
 2    2   90   900  49.3 0.004237   144.1     4.13  765.66   4.8   3.5
 2    2   90  1000  52.8 0.004761   223.4     4.61  852.25   4.9     3
 2    2   90  1100  55.1 0.004911   196.8     3.97  883.68   5.1     3
 2    2   90  1200  57.5 0.005311   207.3     3.03   897.7   5.1   2.7
 2    2   90  1300  62.1 0.006818   167.3     3.86  880.12   5.2   2.6
 2    2   90  1400  66.2 0.008424   151.4     3.95  883.57   5.4   2.4
 2    2   90  1500  69.7 0.009063   129.7     2.63  871.43   5.6   2.4
 2    2   90  1600  70.8 0.009377   163.4     2.15  841.94   5.5   2.1
 2    2   90  1700  73.1 0.009986   136.1     2.59  810.82   5.7   2.2
 2    2   90  1800  73.6 0.011291    33.1     3.42  679.75   5.2   2.2
 2    2   90  1900  73.8 0.014621       0     4.96  641.74   6.1   1.9
 2    2   90  2000  73.3 0.013436    -0.3     3.41  620.67   6.2   2.2
 2    2   90  2100  73.2 0.012893    -0.5     2.43  605.29   6.2   2.2
 2    2   90  2200  72.5 0.011599    -0.3     2.21  573.96   6.2   2.5
 2    2   90  2300  72.3 0.010869    -0.3     1.68     539   5.9   2.4
 2    3   90     0  72.2 0.014899    -0.2      1.7  535.15   5.8   2.3
 2    3   90   100  71.8 0.014677    -0.3     2.72  529.95   5.8   2.6
 2    3   90   200  71.8 0.015953    -0.2     3.24  513.06   6.4   2.5
 2    3   90   300  72.1 0.016387    -0.3     4.53  505.24   6.5   2.5
 2    3   90   400  71.9  0.01642    -0.3     4.41  500.39   6.5   2.5
 2    3   90   500  64.3 0.010942    -0.1    11.55  499.23   6.2   3.3
 2    3   90   600  59.5  0.00744     0.4    15.99  500.02   5.7   3.5
 2    3   90   700  56.6 0.005542     0.5    16.36  499.62   5.3   4.3
 2    3   90   800  52.1 0.005426     2.3    13.17  494.55     5     4
 2    3   90   900    51 0.005064    18.2    11.12  489.74     5   4.4
 2    3   90  1000  50.4 0.005097    48.2    10.16  517.35   4.7   3.9
 2    3   90  1100    51 0.004749    96.3     9.43  544.12   4.9   4.2
 2    3   90  1200  52.8   0.0083     188    11.96  565.46   4.8   4.6
 2    3   90  1300  54.2   0.0075   334.2    14.03   575.3   4.9   3.9
 2    3   90  1400  57.1   0.0068   655.4    16.18  586.68     5   3.6
 2    3   90  1500  55.8   0.0063   592.9    13.59  592.07   4.9   3.5
 2    3   90  1600  56.3   0.0059   480.1       14  596.41   4.9     4
 2    3   90  1700  55.5   0.0057   293.7    14.27  595.46   4.9   4.1
 2    3   90  1800  54.3   0.0057    88.7    11.26  575.04   4.8   4.4
 2    3   90  1900  52.4   0.0058     2.2     8.44  573.76   4.7   3.6
 2    3   90  2000  50.3    0.006     1.2     7.98  563.01   4.6   4.1
 2    3   90  2100  49.4   0.0057     1.4      7.8  558.11   4.5   3.8
 2    3   90  2200  47.6   0.0055     1.5        7  559.76   4.3   3.7
 2    3   90  2300    47   0.0051     1.5     7.38  564.07   4.3   5.1
 2    4   90     0  45.9    0.005     1.5     9.19  547.98   4.3   4.6
 2    4   90   100    46   0.0046     1.6    10.88  532.66   4.3   4.9
 2    4   90   200    45   0.0046     1.7     9.62  518.56   4.1   4.7
 2    4   90   300  43.4   0.0047     1.7     8.73  512.64   3.5   4.4
 2    4   90   400  42.4   0.0047       2     6.88  509.54   4.3     4
 2    4   90   500  41.3   0.0047       2     7.26  508.17   4.1     5
 2    4   90   600  40.9   0.0045     2.1     8.81  508.18   4.1     5
 2    4   90   700    41   0.0044     2.1     8.16  506.83   4.1   4.8
 2    4   90   800  40.8   0.0044    30.4     6.21  491.38   3.9   4.6
 2    4   90   900  42.4   0.0044   200.2     5.76  492.62     4   3.8
 2    4   90  1000  45.8   0.0043     404     7.96  501.91     4   4.1
 2    4   90  1100  50.1   0.0036   583.1     8.78  524.86   4.2   4.1
 2    4   90  1200  53.8   0.0027   706.1     8.42  547.91   4.2   4.5
 2    4   90  1300  56.3    0.002   764.7     9.13  555.52   4.4     4
 2    4   90  1400  58.3   0.0018   749.6     7.58  555.93   4.5   3.9
 2    4   90  1500  59.9   0.0015   663.7      7.6  561.57   4.5   3.9
 2    4   90  1600  61.1   0.0012   517.2      7.5  574.46   4.6   4.1
 2    4   90  1700  61.5   0.0012     321     6.35  578.43   4.6   3.8
 2    4   90  1800  59.7   0.0023   107.3     7.18   569.3   4.6     4
 2    4   90  1900  56.8    0.003     1.7     4.51  573.11   4.5   3.6
 2    4   90  2000  54.8   0.0027       1     3.86  580.23   4.4   4.2
 2    4   90  2100  53.3   0.0023     1.2     3.57  578.69   4.4   4.1
 2    4   90  2200  51.4   0.0024     1.2     3.98  572.72   4.3     4
 2    4   90  2300  50.4   0.0024     1.5     2.49  556.02   4.2     4
 2    5   90     0  50.8   0.0024     1.6     2.49  542.11   4.2   4.2
 2    5   90   100  50.4   0.0024     1.7     2.49  526.01   4.1   4.6
 2    5   90   200  50.1   0.0024     1.8      0.3  513.21     4   4.7
 2    5   90   300  48.4   0.0026     1.7     1.62  500.76   3.8   4.5
 2    5   90   400  47.4   0.0024     1.8     4.17  495.76     4     5
 2    5   90   500  45.6   0.0026     1.8     4.86  498.35   3.8   4.3
 2    5   90   600  41.9   0.0032       2      2.5  504.53   3.8   5.1
 2    5   90   700  41.5   0.0035     2.2     4.19  543.79   3.9   4.6
 2    5   90   800  40.6   0.0042    30.4     6.19  641.87   3.9   4.6
 2    5   90   900    43   0.0046   199.5     6.79  769.65   4.2   4.1
 2    5   90  1000  48.3   0.0051   399.6    12.04  860.19   4.6   4.1
 2    5   90  1100  53.2   0.0044   573.4    13.04  899.07     5   3.7
 2    5   90  1200  56.1   0.0039   692.5    11.03  909.79     5   3.7
 2    5   90  1300  58.5   0.0036   694.9    10.78  896.89   5.3   3.7
 2    5   90  1400    60   0.0035   611.4     9.22  900.46   5.1   3.5
 2    5   90  1500  60.9    0.004   551.4     8.86  916.85   5.1   3.3
 2    5   90  1600    61   0.0047     466     9.96  921.74   5.2   3.5
 2    5   90  1700  59.9   0.0051   231.2     9.67  862.66   5.2   3.2
 2    5   90  1800  58.6   0.0057    65.5    10.22  741.01   5.1   4.3
 2    5   90  1900  57.5   0.0061       1     9.15  678.05   5.1   3.9
 2    5   90  2000  56.4   0.0065     0.6      8.8  664.81   5.1   3.5
 2    5   90  2100  54.8   0.0069     0.7     8.89   651.7   4.9   4.6
 2    5   90  2200  53.8   0.0073     0.9     7.01  646.86   4.8     4
 2    5   90  2300  54.3   0.0078     0.9     7.63  615.55   4.9   4.2
 2    6   90     0  54.5   0.0081     0.7     8.36  590.61   4.8   4.1
 2    6   90   100  54.7   0.0086     0.9     7.78  558.52   4.8   4.5
 2    6   90   200  55.2   0.0091     0.9     2.39     551   4.8   3.9
 2    6   90   300  54.9 0.005579     0.7     2.37  540.85   4.7   3.7
 2    6   90   400    55 0.004695     0.7     1.09  526.01   4.7   4.2
 2    6   90   500  54.6 0.004985     0.7     2.44  521.69   4.6   4.1
 2    6   90   600  54.6 0.004398     0.7     0.69  521.96   4.7   4.3
 2    6   90   700    55 0.004453     0.7      2.8  552.88   4.8   4.6
 2    6   90   800  54.4 0.004298    15.8     3.83   643.6   4.9   4.6
 2    6   90   900  54.8 0.004522   110.7      4.1  786.24   5.1   3.9
 2    6   90  1000  57.1 0.004971   189.5     5.14  861.75   5.3   3.5
 2    6   90  1100  57.8 0.005254   160.5     6.32   882.9   5.5   3.5
 2    6   90  1200  60.6   0.0113   523.6     8.84  892.45   5.7   2.7
 2    6   90  1300  64.2   0.0093   431.8     7.64   893.1   5.5     3
 2    6   90  1400  67.3   0.0071   616.3     7.03  905.74   5.6   2.9
 2    6   90  1500  69.7   0.0043   621.2     7.17  905.21   5.5   2.8
 2    6   90  1600  70.7    0.004   468.4     5.68  903.48   5.4   2.7
 2    6   90  1700  70.7   0.0045   170.7     5.36  870.25   5.3   2.8
 2    6   90  1800  70.3   0.0046    45.8     2.05  769.67   5.5   2.9
 2    6   90  1900  69.3   0.0047     0.6     0.06  681.67   5.5   3.1
 2    6   90  2000  68.1   0.0048     0.3     0.15  662.46   5.7   3.2
 2    6   90  2100  66.7   0.0044     0.4     0.62  677.63   5.4   3.3
 2    6   90  2200  65.7   0.0036     0.4     0.49  666.84   5.4   3.4
 2    6   90  2300  64.4   0.0038     0.5     2.27  644.53   5.2   3.6
 2    7   90     0  62.7   0.0037     0.5     2.75  593.21   5.1   3.7
 2    7   90   100  60.4   0.0043     0.6     2.23  556.71     5   3.7
 2    7   90   200  58.5    0.005     0.7     2.35   551.4   4.9     4
 2    7   90   300  58.5   0.0051     0.7     1.62  539.32   4.7   3.9
 2    7   90   400  57.5   0.0045     0.9     2.52  528.99   4.7     4
 2    7   90   500  56.4   0.0047     0.9     3.54  525.12   4.6   4.2
 2    7   90   600    54   0.0055       1     1.53  519.92   4.5     4
 2    7   90   700    54   0.0054     1.1     0.82  546.47   4.5   4.1
 2    7   90   800  51.8   0.0056    21.4     2.99  626.88   4.5     4
 2    7   90   900  52.3   0.0064   205.1     3.56  782.36   4.9   3.9
 2    7   90  1000  56.8   0.0077   353.3     2.24  858.14   5.2   3.5
 2    7   90  1100  61.7   0.0086   449.9     2.48  888.34   5.6     3
 2    7   90  1200  66.6   0.0068   648.5     2.94   904.7   5.7   2.8
 2    7   90  1300  70.2   0.0038   711.5     3.72  885.15   5.6   2.7
 2    7   90  1400  71.3   0.0037   718.3      3.3   890.2   5.6   2.7
 2    7   90  1500  72.7   0.0021   530.4     3.81   903.4     5   2.5
 2    7   90  1600  72.5   0.0019   232.9     3.94  914.17   5.2   2.5
 2    7   90  1700  71.6   0.0033    86.8     4.82  860.31   5.1   2.4
 2    7   90  1800  70.4   0.0047    20.6     3.68  736.98   5.2   2.7
 2    7   90  1900  68.6   0.0059     0.4     4.08  667.71   5.3   2.8
 2    7   90  2000  67.5   0.0075     0.3     3.17  652.52   5.3   2.9
 2    7   90  2100  66.2    0.009     0.4     4.09  643.69   5.4   2.9
 2    7   90  2200    65   0.0116     0.4     4.96  631.72   5.4     3
 2    7   90  2300  64.2 0.006604     0.5     6.34  593.68   5.1   2.9
 2    8   90     0  63.9 0.010319     0.5      6.3  552.45   4.9     3
 2    8   90   100    64  0.00955     0.5     5.12  536.15   5.1   3.4
 2    8   90   200  63.6 0.010206     0.6     5.72  529.77   4.9   3.1
 2    8   90   300  63.5 0.009936     0.6     4.67  528.14     5   3.2
 2    8   90   400  63.3 0.010186     0.7      4.6  519.74     5   3.1
 2    8   90   500  63.3  0.00967     0.6     5.46  520.65     5   3.3
 2    8   90   600    63 0.010111     0.6        5  521.64   5.1   3.1
 2    8   90   700  63.1 0.009409     0.6      3.9  556.84     5   3.2
 2    8   90   800  63.4 0.008674     3.8     4.08  638.67     5   3.3
 2    8   90   900  63.7 0.008578    54.6     3.15  769.22     5   2.9
 2    8   90  1000  66.1 0.010005   115.8        6  859.45   5.2   2.5
 2    8   90  1100  67.9 0.010557   139.5     7.98  888.38   5.3   2.4
 2    8   90  1200  70.2  0.01076   299.6     7.17  899.67   5.4     2
 2    8   90  1300  72.5   0.0174   308.8     7.92  889.13   5.7   2.1
 2    8   90  1400  74.7   0.0162     506    10.02  914.07   6.6     2
 2    8   90  1500  76.4   0.0135   467.9     12.3  913.46   6.7   1.9
 2    8   90  1600  76.8    0.013   195.9    10.73  914.51   6.4   2.1
 2    8   90  1700  77.2   0.0129   136.3    11.24  879.96   6.5     2
 2    8   90  1800  77.1   0.0132    53.8    11.75  766.08     7   2.3
 2    8   90  1900  75.5   0.0142     0.5    10.74  680.93   7.2   2.2
 2    8   90  2000  73.8   0.0156    -0.2    10.33  658.16   7.1   2.3
 2    8   90  2100  72.5   0.0173    -0.1    11.18  663.95   7.1   2.4
 2    8   90  2200  72.6 0.014839    -0.1     9.69  663.13   7.1   2.3
 2    8   90  2300  72.7 0.014288    -0.1     9.01  647.11   7.1   2.4
 2    9   90     0  72.7 0.017239    -0.1     8.06   601.8     7   2.3
 2    9   90   100    72 0.016344       0     8.37   586.5   6.9   2.6
 2    9   90   200  72.3 0.016497       0     8.42  579.23   6.9   2.6
 2    9   90   300  72.9 0.016935    -0.1      9.1  570.38   6.8   2.4
 2    9   90   400  72.3  0.01613    -0.1    10.36  563.51   6.7   2.6
 2    9   90   500  71.7 0.016714    -0.1     9.73  562.85   6.8   2.4
 2    9   90   600  71.5 0.015947       0     9.34   571.4   6.7   2.6
 2    9   90   700  71.5 0.015648       0    10.67  600.58   6.7   2.6
 2    9   90   800  71.5 0.015523     7.7     8.95  660.26   6.8   2.6
 2    9   90   900  72.1 0.015186    24.8     8.35  770.84   6.8   2.5
 2    9   90  1000  72.5 0.016447    49.2        7  853.24   7.2   2.1
 2    9   90  1100    73 0.018459    39.9     7.16  904.07   7.1   1.1
 2    9   90  1200  73.5 0.018463    60.7     7.48  914.32   6.7   0.5
 2    9   90  1300  73.7   0.0181    63.6    10.64  887.36   6.4   0.8
 2    9   90  1400  73.6 0.017412    94.1    10.12   891.4   6.4   0.6
 2    9   90  1500  73.5 0.009565    58.9     7.41  884.41   6.5   3.4
 2    9   90  1600  74.9   0.0189     253     9.15  863.12   7.1   2.3
 2    9   90  1700  76.6   0.0198   110.7     7.41  829.15     7   2.1
 2    9   90  1800  67.6   0.0139     6.7    15.51  703.11   6.7   2.5
 2    9   90  1900  61.1 0.008073     0.4    13.29  641.74     6     3
 2    9   90  2000  59.3 0.006865     0.6    14.89  608.53   5.8   3.2
 2    9   90  2100    59 0.005965     0.7    14.32  595.17   5.7   3.6
 2    9   90  2200  58.8 0.006257     0.5     9.27   595.7   5.7   3.2
 2    9   90  2300  58.1 0.004797       1     3.75  586.68   5.7   3.3
 2   10   90     0  57.5 0.006485     1.1     6.68  558.77   5.5     4
 2   10   90   100  57.1 0.007615     1.1     7.26     534   5.5   3.4
 2   10   90   200  56.1 0.006179     1.1     7.57  530.32   5.5   4.2
 2   10   90   300  55.3 0.006983     1.2     4.53   526.5   5.4   3.4
 2   10   90   400  54.3 0.005736     1.4     5.09  523.26   5.2     4
 2   10   90   500  52.9 0.005016     1.4     6.15  521.78   5.3   4.6
 2   10   90   600  51.5 0.005161     1.5     6.35   524.8   5.2   4.2
 2   10   90   700  50.1 0.004837     1.6     8.12  525.91     5   4.4
 2   10   90   800  48.9 0.004499      37     7.06  531.47   4.9   4.3
 2   10   90   900  49.9   0.0071     212     7.37  541.93     5   3.4
 2   10   90  1000  52.6   0.0058   414.7     6.53   561.1   5.1   4.2
 2   10   90  1100  55.5   0.0055   589.5      6.1  576.13   5.3     4
 2   10   90  1200  58.3   0.0046     713     5.74  606.89   5.3   3.7
 2   10   90  1300  60.6   0.0037   768.6     7.82  609.21   5.4   3.7
 2   10   90  1400  62.7   0.0038     754     6.85  617.37   5.5   3.7
 2   10   90  1500  64.2   0.0036   669.5     6.62  626.16   5.6   3.5
 2   10   90  1600  65.6   0.0035   521.1     5.13  626.77   5.6   3.4
 2   10   90  1700  66.2   0.0029   324.9      6.2  609.55   5.7   3.5
 2   10   90  1800  65.6   0.0025   114.8      4.9  572.76   5.6   3.4
 2   10   90  1900  63.3   0.0036     2.8     2.87  555.35   5.4   3.7
 2   10   90  2000  61.6   0.0035     0.9     2.62   547.9   5.4   3.8
 2   10   90  2100  60.4   0.0034       1      0.8   541.6   5.4   3.9
 2   10   90  2200  58.6   0.0033     1.2     2.93  546.11   5.2   3.9
 2   10   90  2300  57.4   0.0033     1.2     2.07  536.62   5.1     4
 2   11   90     0  56.2   0.0031     1.4     2.92  531.38   5.1     4
 2   11   90   100  57.4    0.003     1.4     6.55  524.35   5.1   4.3
 2   11   90   200  56.3   0.0032     1.2     8.15  514.38   5.1     5
 2   11   90   300  56.5   0.0032     1.2     5.93  509.65   5.2   4.2
 2   11   90   400  52.1   0.0044     1.5     4.92  508.38   5.1   3.7
 2   11   90   500    53   0.0042     1.5     7.18   507.4   5.1   5.3
 2   11   90   600  53.9   0.0044     1.4     6.29  508.63   5.1     4
 2   11   90   700  51.6   0.0044     1.6     1.46   507.3   4.9   4.1
 2   11   90   800  48.9   0.0045    36.7     1.46  492.51   4.7   4.2
 2   11   90   900  50.2   0.0044   209.5     3.59   493.8   4.8   4.2
 2   11   90  1000    55    0.004   413.3     5.77  507.97   4.9   4.1
 2   11   90  1100  60.3   0.0043   576.8     6.43  519.03   5.3   4.1
 2   11   90  1200  64.5   0.0046     713     7.57  536.71   5.5   3.9
 2   11   90  1300  67.3   0.0043   769.6     4.13  548.61   5.5   3.5
 2   11   90  1400  70.2   0.0033   754.4      4.1  561.84   5.5   3.5
 2   11   90  1500  71.9   0.0029     669     2.65  576.49   5.4   3.3
 2   11   90  1600  72.5   0.0027   522.1      2.4   579.3   5.4   3.3
 2   11   90  1700    73   0.0026   324.5     2.18  576.59   5.3   3.4
 2   11   90  1800  72.8   0.0028   113.1      2.6  577.92   5.2   3.3
 2   11   90  1900  71.4   0.0034     2.2     3.73  572.06   5.5   3.4
 2   11   90  2000  68.8   0.0041     0.3     5.72  577.95   5.7   3.5
 2   11   90  2100  67.5   0.0041     0.5     5.58  580.91   5.6   3.4
 2   11   90  2200  65.7   0.0043     0.5     4.23  580.62   5.6   3.6
 2   11   90  2300  65.3   0.0045     0.6     4.67   566.8   5.6   3.5
 2   12   90     0  64.9   0.0045     0.6     7.42  557.11   5.5   3.9
 2   12   90   100  62.8    0.005     0.5     8.05  523.85   5.6   3.8
 2   12   90   200    61   0.0057     0.4     7.48  507.74   5.5   4.1
 2   12   90   300    60   0.0057     0.6     7.49  495.46   5.4   4.1
 2   12   90   400  59.1    0.006       1     7.96  495.17   5.5   4.1
 2   12   90   500  57.9   0.0067       1     6.73  493.02   5.4   4.1
 2   12   90   600  57.2   0.0082     1.1     6.81  499.21   5.4   4.1
 2   12   90   700  55.8   0.0096     1.1     6.92  549.23   5.5   4.3
 2   12   90   800    56 0.006732    40.2     6.64  642.78   5.5   3.4
 2   12   90   900  55.2 0.005238     209     8.61  769.93   5.7   3.8
 2   12   90  1000  56.3 0.004871   271.7     5.68     859   5.7   3.4
 2   12   90  1100    60 0.004403   536.8     6.66  906.76   5.6     3
 2   12   90  1200  67.2   0.0095     712     9.16   904.2   5.8   2.7
 2   12   90  1300  70.7   0.0071   768.6    11.53  887.54   5.8   2.6
 2   12   90  1400  73.6   0.0052   754.9    12.47  884.14   5.7   2.6
 2   12   90  1500  74.8   0.0052     669    12.55   916.3   5.8   2.5
 2   12   90  1600  75.1   0.0048   521.6    11.58  901.52   5.8   2.4
 2   12   90  1700    75   0.0048   332.8    11.99  861.36   6.9   2.2
 2   12   90  1800  73.7   0.0043   113.4    11.78  761.01   6.3   2.5
 2   12   90  1900  71.3    0.004       1    13.86  691.53     6   2.8
 2   12   90  2000  68.4   0.0054       0     9.89  679.48   5.9     3
 2   12   90  2100  65.7   0.0067     0.4     8.88   679.4   5.8   3.1
 2   12   90  2200    63   0.0079     0.5     5.76  654.19   5.9   3.3
 2   12   90  2300  60.7   0.0085     0.6     7.18  614.71   5.9   3.5
 2   13   90     0  59.9   0.0095     0.7     7.11  589.68   5.8   3.3
 2   13   90   100  60.1   0.0103     0.7    10.35  559.05   5.8   3.8
 2   13   90   200  59.8    0.011     0.9     8.43  532.54   5.8   3.8
 2   13   90   300  59.4  0.00826     0.9     6.93  511.99   5.8   3.6
 2   13   90   400  59.6  0.00823     0.7     9.43  505.95   5.9   3.7
 2   13   90   500  59.7 0.007961     0.7      8.7  503.95   5.8   3.8
 2   13   90   600  59.6 0.007704     0.7     7.85  511.37   5.6   3.8
 2   13   90   700  59.5 0.007096     1.1     4.81  574.57   5.6   3.8
 2   13   90   800    59 0.006195    23.1     5.09  641.89   5.6     4
 2   13   90   900  60.9 0.007865   217.6     8.12  760.11   5.9     3
 2   13   90  1000  64.6   0.0132   272.2    11.79  831.86     6   2.9
 2   13   90  1100  67.2    0.013   370.3    12.01  858.73   5.8   2.8
 2   13   90  1200  69.7   0.0108   412.8    15.07  871.76     6   2.4
 2   13   90  1300  71.8   0.0095   453.3     13.4  863.63   6.1   2.5
 2   13   90  1400  73.5   0.0085   385.5    14.89  883.99   6.1   2.2
 2   13   90  1500  75.1    0.008     548    14.98   892.5   6.2   2.1
 2   13   90  1600  75.4    0.008   412.3    13.38  896.36   6.1     2
 2   13   90  1700  74.4   0.0078   241.2    14.51  843.02   5.8     2
 2   13   90  1800  72.5   0.0086      76    13.41  730.45   5.8   2.2
 2   13   90  1900  70.6    0.009     1.2    10.01  655.36   5.8   2.4
 2   13   90  2000  69.7   0.0095     0.1    11.37  646.36   5.6   2.5
 2   13   90  2100  68.4     0.01     0.1      7.9  668.57   5.4   2.4
 2   13   90  2200  67.3   0.0106     0.3     8.24  661.21   5.4   2.5
 2   13   90  2300  65.7    0.012     0.4     7.94  639.53   5.3   2.7
 2   14   90     0  65.6   0.0136     0.4     7.46  619.25   5.3   2.6
 2   14   90   100  66.3  0.01254     0.4     7.41  595.05   5.5   2.7
 2   14   90   200  66.8 0.012147     0.4     6.42  576.38   5.3   2.9
 2   14   90   300  66.5  0.01192     0.4     6.47  560.59   5.4     3
 2   14   90   400  66.5 0.012321     0.4     7.18  555.43   5.5   2.9
 2   14   90   500    67 0.012791     0.4     6.67  548.76   5.5   2.8
 2   14   90   600  67.7 0.013007     0.3     6.93  548.48   5.5   2.8
 2   14   90   700  67.8    0.013     0.4     7.21  575.86   5.7   2.8
 2   14   90   800  67.7 0.012274    13.6     7.94  646.39   5.5   2.8
 2   14   90   900  68.6 0.012173    56.5     8.61  773.04   5.9   2.7
 2   14   90  1000  69.7 0.012931   118.5     9.28  845.03     6   2.3
 2   14   90  1100    71   0.0165    97.7    10.06  868.73   6.2   2.2
 2   14   90  1200  71.2   0.0166    64.1     6.85   886.1   6.2   2.1
 2   14   90  1300  72.5   0.0167   156.8     8.25  881.32   6.2   2.1
 2   14   90  1400  73.7   0.0154   235.1     9.28  891.72   6.2     2
 2   14   90  1500  74.6   0.0144   225.6    10.99   901.7   6.3   2.1
 2   14   90  1600  74.2   0.0146    83.8     8.86  901.88   6.1   1.8
 2   14   90  1700  73.6   0.0151    74.1     8.68  845.49   6.3   1.9
 2   14   90  1800  72.7   0.0161    24.3     5.83  728.09   6.2     2
 2   14   90  1900  72.3   0.0162     0.1     6.04  672.24   6.3     2
 2   14   90  2000  71.7   0.0167    -0.3     6.82  662.28   6.1   2.1
 2   14   90  2100  71.1   0.0165    -0.3     5.94   658.2   6.1   2.1
 2   14   90  2200  70.9 0.012408    -0.2     5.24  638.21   6.1   2.1
 2   14   90  2300  70.5 0.011655       0     5.47  630.86   6.1   2.2
 2   15   90     0  70.8 0.015528       0     5.07  588.46     6   2.1
 2   15   90   100    71 0.015351       0      9.7  579.64   5.9   2.3
 2   15   90   200  70.3  0.01565       0     8.12  562.22     6   2.2
 2   15   90   300  69.3 0.014556       0     6.53  542.02   5.7   2.5
 2   15   90   400    69 0.014834     0.1     5.81  533.22   5.8   2.4
 2   15   90   500    69  0.01463     0.1     6.29  527.87   5.8   2.5
 2   15   90   600  69.2 0.014863     0.1     5.62  533.95   5.8   2.4
 2   15   90   700    69 0.014524     0.3     8.93  568.58   5.7   2.4
 2   15   90   800  68.4   0.0107    39.7    11.94  638.09   5.6   2.4
 2   15   90   900  68.9   0.0117   210.2     9.42  773.54   5.8   2.3
 2   15   90  1000  71.2   0.0146   393.8     8.93  854.96   6.1   1.9
 2   15   90  1100  67.8   0.0126   473.3     6.39  872.34   6.1   1.8
 2   15   90  1200  66.8   0.0114   634.9     3.17  885.04   6.1   1.8
 2   15   90  1300    71   0.0101   685.1     6.24   866.4   6.1   1.8
 2   15   90  1400  72.1   0.0077   704.2     7.24  892.36   6.3   1.7
 2   15   90  1500  73.2   0.0066   655.4     7.87  891.55   6.4   1.7
 2   15   90  1600  73.2   0.0059   507.5      6.5  890.67   6.3   1.7
 2   15   90  1700  72.5   0.0052   305.4     7.35  840.95   6.2   1.8
 2   15   90  1800  68.2   0.0043   101.2     7.22  743.67   5.9     2
 2   15   90  1900  62.8   0.0039     2.3     7.66  665.52   6.2   2.2
 2   15   90  2000  56.5   0.0039     0.5    10.09  641.83   6.1   2.7
 2   15   90  2100  53.4   0.0041     0.9    13.81  647.56   5.9   3.4
 2   15   90  2200  52.9   0.0027     1.1    12.19  635.67   5.7   3.2
 2   15   90  2300  52.8   0.0016     1.1      9.3  592.64   5.5   3.4
 2   16   90     0  52.4   0.0019     1.1    11.56  573.75   5.4   4.2
 2   16   90   100  51.4   0.0003     1.4     9.93  550.04   5.2   3.5
 2   16   90   200  51.4 0.005307     1.4    10.57  540.67   4.7   3.9
 2   16   90   300  51.2   0.0023     1.4     9.18  525.49   4.5   3.6
 2   16   90   400  49.9   0.0014     1.5     8.18  520.52   4.6   3.5
 2   16   90   500  49.2   0.0001     1.6     5.08  525.57   4.6     4
 2   16   90   600  47.3   0.0002     1.7      5.7  527.11   4.6   3.9
 2   16   90   700  46.3   0.0016     1.7     5.44  562.94   4.7     4
 2   16   90   800  45.8   0.0019    27.5     6.19  620.38   4.2     4
 2   16   90   900    47   0.0007   159.5      8.2  755.42   4.3   3.9
 2   16   90  1000  49.4 0.003704   335.7    11.12  831.56   4.8   3.8
 2   16   90  1100  51.9 0.003411   450.9     9.53  875.96   4.7   3.4
 2   16   90  1200  54.2 0.003055   613.9    10.56  894.03   4.8   3.2
 2   16   90  1300  56.1 0.002925   604.1     9.88  873.94   4.8   3.2
 2   16   90  1400  57.5 0.003396   589.5     8.76  867.03   5.4     3
 2   16   90  1500  58.4 0.003263   524.1     8.32  875.92   5.4   3.1
 2   16   90  1600  58.3 0.003875   400.6     9.21   858.3   5.4   3.1
 2   16   90  1700  57.6 0.004587   192.7     8.58  815.44   5.4   3.2
 2   16   90  1800  56.3  0.00506    69.2     8.52  659.63   5.3   3.4
 2   16   90  1900  54.2 0.004178     3.1     5.48  605.26   5.1   3.6
 2   16   90  2000  52.6 0.003801     1.2     6.11  586.11   5.2   3.8
 2   16   90  2100  51.3 0.003644     1.4     6.67  585.94   5.1   3.7
 2   16   90  2200  49.6   0.0003     1.4     6.01  576.88   5.1   3.9
 2   16   90  2300  47.8   0.0005     1.7     7.28  555.81   4.9   4.7
 2   17   90     0  46.5   0.0002     1.7     6.96  507.04   4.2   3.8
 2   17   90   100  45.4        0     1.8     7.26  497.19   4.3   4.1
 2   17   90   200  44.3 0.003759       2     7.17  488.21   4.2   4.3
 2   17   90   300  43.6 0.003928       2     8.87  481.44   4.1   4.1
 2   17   90   400  43.2 0.004031       2      9.6  481.76   4.2     4
 2   17   90   500  43.2 0.004018     2.1    10.06  479.36   4.1     4
 2   17   90   600  42.5 0.003948     2.1     9.79  476.21     4   3.9
 2   17   90   700  42.2 0.003713     2.1     9.78  478.21   3.9   4.2
 2   17   90   800  42.3 0.003682    13.6     9.01  481.56   3.9   4.1
 2   17   90   900  42.7 0.003737    61.1     9.06  481.46     4   3.9
 2   17   90  1000  43.7 0.003479   128.3     7.43   496.5     4   3.9
 2   17   90  1100  45.4 0.002976   240.8     6.47  532.13     4   4.1
 2   17   90  1200  46.5 0.003251   218.3     7.76  558.91     4   3.9
 2   17   90  1300  48.1 0.002977   258.6     6.26  554.89     4   3.9
 2   17   90  1400  49.8 0.003068   331.8     7.04  546.53   4.1   3.7
 2   17   90  1500  50.4  0.00326   209.8     7.13  539.23     4   3.8
 2   17   90  1600  50.8 0.003145   141.2     6.33  547.87     4   3.9
 2   17   90  1700  51.1 0.003405    70.4     5.69  550.25   4.1   3.7
 2   17   90  1800  50.6 0.003419    31.4     7.04  518.25   4.1   3.9
 2   17   90  1900    50 0.003044     1.8     6.55  511.57   4.2   4.2
 2   17   90  2000  49.4  0.00324     1.4     3.58  507.41   4.3   3.4
 2   17   90  2100  50.3 0.002392     1.4     3.53  502.57   4.2   4.1
 2   17   90  2200  49.2 0.002142     1.4     3.21  498.09   4.2   4.1
 2   17   90  2300  48.8 0.001965     1.4      2.5  494.63   4.1   3.9
 2   18   90     0  48.6  0.00408     1.5     5.28  499.35   4.2   3.9
 2   18   90   100  48.3 0.003671     1.5     3.17  490.03   4.1     4
 2   18   90   200  48.4 0.003628     1.5      2.4   485.5   4.1     4
 2   18   90   300  47.9  0.00375     1.5     3.66  478.97     4   4.1
 2   18   90   400  47.9 0.003889     1.6      3.8  476.56     4     4
 2   18   90   500  47.8 0.003852     1.6     3.35  473.63   4.1     4
 2   18   90   600    47 0.003682     1.5     3.98  476.97   3.9   4.1
 2   18   90   700  44.9   0.0001     1.7     4.67  474.74   3.9     4
 2   18   90   800  43.6    0.002     4.4     5.84  467.62   3.8   3.9
 2   18   90   900  43.1   0.0021    11.1      6.3   466.6   3.8   4.1
 2   18   90  1000  43.4   0.0017    28.7     5.51  469.74   3.7   4.4
 2   18   90  1100  43.7   0.0018    60.4     5.19  477.99   3.8     4
 2   18   90  1200  44.6   0.0025    75.8     4.57  496.93   3.8   4.1
 2   18   90  1300  45.5   0.0018   125.3     5.25  521.81   3.9     4
 2   18   90  1400  47.7    0.001   162.7     4.15  524.55     4   3.9
 2   18   90  1500  48.9   0.0006    59.7     3.65  527.18   4.2     4
 2   18   90  1600    49   0.0007    52.1      4.4  534.65   4.2     4
 2   18   90  1700  49.2   0.0007    31.1     5.01  543.76   4.2   3.8
 2   18   90  1800  49.3   0.0005    24.8     5.69  543.32   4.2   3.8
 2   18   90  1900  49.3   0.0003     3.1     5.82  546.03   4.2   3.8
 2   18   90  2000  49.4   0.0001     1.5     5.25  546.42   4.2   3.8
 2   18   90  2100  49.4   0.0002     1.5     4.55  537.74   4.1   4.1
 2   18   90  2200  49.5 0.002176     1.5     2.48  530.95   4.2   3.8
 2   18   90  2300  49.7   0.0009     1.4     1.84  520.62   4.2     4
 2   19   90     0  49.9   0.0034     1.4      1.3  510.62   4.1   4.1
 2   19   90   100  50.1   0.0039     1.4     1.47  508.75   4.2     4
 2   19   90   200  50.1   0.0037     1.4     2.44  496.28   4.1     4
 2   19   90   300  50.1   0.0035     1.4     4.56  480.11   4.1     4
 2   19   90   400  50.1   0.0034     1.4     3.84  468.36     4   4.2
 2   19   90   500    50   0.0033     1.4     4.42  469.57   4.1   4.2
 2   19   90   600  50.1   0.0034     1.4     4.59   470.4     4   4.3
 2   19   90   700  50.1   0.0034     1.5     4.87  515.56     4   4.2
 2   19   90   800    50   0.0035    12.6     5.43  591.75     4   4.3
 2   19   90   900  50.3   0.0034    69.9     6.84  726.45   4.2   4.2
 2   19   90  1000  51.6    0.003   150.9     6.61  808.99   4.5   3.6
 2   19   90  1100  52.4   0.0029   152.9     7.42  843.03   4.5   3.5
 2   19   90  1200  54.6   0.0006   460.6     7.95  861.76   5.1   2.7
 2   19   90  1300  56.2 0.003852   313.7     5.92  856.09   5.3   3.3
 2   19   90  1400  58.7 0.002209   368.4     6.27  857.26   4.1   3.6
 2   19   90  1500    60 0.003994   279.6     6.36  870.62     5   3.1
 2   19   90  1600  61.4 0.003421   545.5     5.27   865.2   5.4   2.5
 2   19   90  1700    63 0.004342   346.9     5.61  835.72   5.6   2.9
 2   19   90  1800  62.7 0.006517   132.2     5.92   734.8   5.5   2.8
 2   19   90  1900  60.5  0.00599     4.9     5.77  665.85     5     3
 2   19   90  2000  58.5  0.00367     0.7     4.23  663.17   4.8   3.6
 2   19   90  2100  57.3  0.00306     0.9     5.22  653.68   4.9     4
 2   19   90  2200  56.1 0.003995     0.9     5.08  627.57   4.7   3.1
 2   19   90  2300  55.1 0.003563       1     5.75  571.17   4.9   3.5
 2   20   90     0  54.1 0.005766       1     6.97  552.96   4.9   3.7
 2   20   90   100  52.8 0.005644     1.4     7.92  533.24   4.8   3.7
 2   20   90   200  51.4 0.005197     1.4     7.86  514.53   4.9     4
 2   20   90   300  49.9 0.004799     1.5     6.63  501.08   4.7     4
 2   20   90   400  48.4  0.00426     1.6     4.16  489.85   4.7     4
 2   20   90   500  47.6 0.003953     1.7     4.68  480.27   4.4   4.2
 2   20   90   600  46.4 0.004432     1.8     7.26  490.56   4.4   3.8
 2   20   90   700  45.9 0.004173     2.1     7.23  524.44   4.5     4
 2   20   90   800  45.2 0.004126    53.3    11.82  604.58   4.5     4
 2   20   90   900  47.4   0.0008   238.3    14.33  740.47   4.5   4.2
 2   20   90  1000  51.2 0.003779     444    13.31  821.06     5   3.7
 2   20   90  1100  55.6 0.004067   622.7    12.43  845.95   5.2     3
 2   20   90  1200  58.9   0.0002     730     9.41   842.6   5.3   3.4
 2   20   90  1300  61.5  0.00318   755.4    10.64  841.15   5.3   3.1
 2   20   90  1400  63.5 0.002614   785.2     8.14   844.3   5.5     3
 2   20   90  1500    65 0.004367     628     9.22  832.23   5.7   2.8
 2   20   90  1600  66.2 0.004428   539.2     8.58  841.74   5.6   2.8
 2   20   90  1700  67.1 0.006679   346.9    10.45  813.13   5.4   2.6
 2   20   90  1800  66.7  0.00824   131.7     7.99  715.87   5.4   2.7
 2   20   90  1900  64.5 0.007816     4.5     4.49  637.45   5.5   2.9
 2   20   90  2000  62.9 0.005676     0.5     4.58  620.21   5.4   3.4
 2   20   90  2100  60.5 0.004703     0.6     5.08  620.86   5.3   3.5
 2   20   90  2200    59 0.004412     0.7     6.25   608.5   5.4   3.6
 2   20   90  2300  57.1 0.004141     0.9     6.21  579.31   5.1   3.4
 2   21   90     0  56.9 0.006899     0.7     9.84  549.62   5.2   3.6
 2   21   90   100  57.5  0.00736     0.9     9.04  527.24   5.2   3.5
 2   21   90   200  57.9   0.0012     0.9     13.8  510.26   5.2   3.9
 2   21   90   300  58.1   0.0069     0.9    14.39  495.68     5   4.3
 2   21   90   400  58.3   0.0063     0.9     13.3  487.52   5.1   3.7
 2   21   90   500  58.2    0.006     0.9    10.96  483.26   5.1   3.9
 2   21   90   600  57.5   0.0061     0.7    10.99  483.99     5   3.4
 2   21   90   700  56.1   0.0064     0.7    12.41  523.09   4.9   3.7
 2   21   90   800  55.2   0.0066       4    14.23  607.32   4.8   3.9
 2   21   90   900    55   0.0074     8.4    10.64  736.83   5.1     4
 2   21   90  1000  51.8   0.0045     7.2    13.09  829.25   5.3   4.2
 2   21   90  1100  49.9   0.0045      16     10.4   852.1   5.5   3.9
 2   21   90  1200  49.1   0.0052    38.5    10.97  867.98   5.3   3.8
 2   21   90  1300  48.8   0.0048      79    11.02  876.69   5.3     4
 2   21   90  1400  48.8   0.0055    69.4     9.52  870.21   5.3   4.1
 2   21   90  1500  49.5   0.0057   151.4     9.08   893.9   5.2   3.7
 2   21   90  1600  50.5   0.0064   100.4     8.65  887.14   5.4   4.1
 2   21   90  1700  50.9   0.0067    71.2    11.35  838.47   5.3     4
 2   21   90  1800  51.2   0.0064    38.7    11.14  743.89   5.4   4.1
 2   21   90  1900    51   0.0065       6     7.44  682.46   5.1   3.5
 2   21   90  2000  50.4   0.0063     1.1     6.55  674.73   5.1   4.4
 2   21   90  2100  49.4    0.006     1.2     6.69  671.75   5.1   4.2
 2   21   90  2200  48.8   0.0059     1.6     5.51  648.41   5.1   4.2
 2   21   90  2300  48.7   0.0058     1.6     7.96  626.82     5   4.1
 2   22   90     0  48.3   0.0056     1.5     5.39  601.27   4.9   4.3
 2   22   90   100  47.9   0.0056     1.5     5.46  572.11   4.9   4.3
 2   22   90   200  48.1   0.0056     1.5     5.54  541.41   4.9   4.2
 2   22   90   300  48.9   0.0057     1.4     7.01  521.18   4.8   4.5
 2   22   90   400  49.8   0.0058     1.4     6.92  514.57   4.9   4.4
 2   22   90   500  49.1   0.0057     1.5     5.04  506.47   4.9   4.4
 2   22   90   600  47.6   0.0054     1.6     5.07  511.71   4.7   4.4
 2   22   90   700  46.6   0.0053     2.1     9.15  548.62   4.8   4.5
 2   22   90   800  45.6   0.0051    62.6    10.19  618.03   4.7   4.4
 2   22   90   900  46.6   0.0049   215.4    13.13  759.04   4.9   4.1
 2   22   90  1000    50    0.003   463.1    18.03  827.97   4.9   3.7
 2   22   90  1100  52.8    0.003   639.7    18.98  851.78   5.1   2.9
 2   22   90  1200  54.9   0.0027   763.7    20.39  863.25   5.1   3.4
 2   22   90  1300  57.4   0.0022   811.5    21.05  846.44   5.2   3.1
 2   22   90  1400  58.6   0.0036   770.5    26.28   864.1   5.3   3.1
 2   22   90  1500    57   0.0035   536.8       24  885.45   5.4   3.1
 2   22   90  1600  56.8   0.0036     249     25.4  880.91   5.4   3.6
 2   22   90  1700  54.5   0.0028   201.5     25.3  840.87   5.2     4
 2   22   90  1800  52.6   0.0001   117.5     17.5  758.25   5.3   4.1
 2   22   90  1900  53.8    0.001     8.9     10.6  677.41   5.1     4
 2   22   90  2000    51   0.0019       1    10.97  657.37   5.1   4.3
 2   22   90  2100  50.4   0.0011     1.2    10.02  646.95     5   4.3
 2   22   90  2200  49.3   0.0004     1.4     3.23  640.24   4.9   3.5
 2   22   90  2300  47.8   0.0005     1.6     2.81  601.19   4.9     5
 2   23   90     0  47.3   0.0007     1.5     3.59  579.61   4.8   4.5
 2   23   90   100  45.1    0.003     1.5     8.26  558.54   4.8   4.4
 2   23   90   200  43.9   0.0031     1.6    10.55  544.05   4.7   4.4
 2   23   90   300  42.7   0.0031     1.7    10.84  528.98   4.6   4.5
 2   23   90   400    42   0.0029     1.7    10.27  524.82   4.5   4.6
 2   23   90   500  42.4   0.0027     1.8    10.01  521.12   4.6   4.7
 2   23   90   600  42.9   0.0028     1.7     9.73  518.97   4.4   4.7
 2   23   90   700  42.8    0.003     2.3     7.57  535.59   4.4   4.7
 2   23   90   800  41.7   0.0032    63.1     9.22  613.82   4.3   4.6
 2   23   90   900  45.8   0.0028   261.5     9.67  744.22   4.5   3.6
